%Step       1-1(disp)       1-2(disp)       1-3(disp)       1-1(foce)       1-2(foce)       1-3(foce)  
    1  0.00000000E+00  0.00000000E+00  0.10000000E-02 -0.39627700E+01 -0.39627700E+01  0.11788288E+02  
    2  0.00000000E+00  0.00000000E+00  0.20000000E-02 -0.70593984E+01 -0.70593984E+01  0.21751714E+02  
    3  0.00000000E+00  0.00000000E+00  0.30000000E-02 -0.58078028E+01 -0.58078028E+01  0.22146822E+02  
    4  0.00000000E+00  0.00000000E+00  0.40000000E-02 -0.66746707E+01 -0.66746707E+01  0.22387243E+02  
    5  0.00000000E+00  0.00000000E+00  0.50000000E-02 -0.90659750E+01 -0.90659750E+01  0.22598602E+02  
    6  0.00000000E+00  0.00000000E+00  0.60000000E-02 -0.11547693E+02 -0.11547693E+02  0.22915909E+02  
    7  0.00000000E+00  0.00000000E+00  0.70000000E-02 -0.14064916E+02 -0.14064916E+02  0.23309230E+02  
    8  0.00000000E+00  0.00000000E+00  0.80000000E-02 -0.16604218E+02 -0.16604218E+02  0.23757787E+02  
    9  0.00000000E+00  0.00000000E+00  0.90000000E-02 -0.19157449E+02 -0.19157449E+02  0.24246556E+02  
   10  0.00000000E+00  0.00000000E+00  0.10000000E-01 -0.21719368E+02 -0.21719368E+02  0.24764679E+02  
