%Step Iter     dfact          unorm          tnorm
    0    0  0.0000000E+00  0.0000000E+00  0.0000000E+00
    1    1  0.5000000E-01  0.1068000E-01  0.0000000E+00
    2    1  0.1000000E+00  0.2136001E-01  0.0000000E+00
    3    1  0.1500000E+00  0.3204001E-01  0.0000000E+00
    4    1  0.2000000E+00  0.4272002E-01  0.0000000E+00
    5    1  0.2500000E+00  0.5340002E-01  0.0000000E+00
    6    1  0.3000000E+00  0.6408003E-01  0.0000000E+00
    7    1  0.3500000E+00  0.7476003E-01  0.0000000E+00
    8    1  0.4000000E+00  0.8544004E-01  0.0000000E+00
    9    1  0.4500000E+00  0.9612004E-01  0.0000000E+00
   10    1  0.5000000E+00  0.1068000E+00  0.0000000E+00
   11    1  0.5500000E+00  0.1174801E+00  0.0000000E+00
   12    1  0.6000000E+00  0.1281601E+00  0.0000000E+00
   13    1  0.6500000E+00  0.1388401E+00  0.0000000E+00
   14    1  0.7000000E+00  0.1495201E+00  0.0000000E+00
   15    1  0.7500000E+00  0.1602001E+00  0.0000000E+00
   16    1  0.8000000E+00  0.1708801E+00  0.0000000E+00
   17    1  0.8500000E+00  0.1815601E+00  0.0000000E+00
   18    1  0.9000000E+00  0.1922401E+00  0.0000000E+00
   19    1  0.9500000E+00  0.2029201E+00  0.0000000E+00
   20    1  0.1000000E+01  0.2136001E+00  0.0000000E+00
