%Step Iter     dfact          unorm          tnorm
    0    0  0.0000000E+00  0.0000000E+00  0.0000000E+00
    1    1  0.1000000E+00  0.3583075E-02  0.0000000E+00
    2    4  0.2000000E+00  0.7251198E-02  0.0000000E+00
    3    4  0.3000000E+00  0.1158645E-01  0.0000000E+00
    4    4  0.4000000E+00  0.1591741E-01  0.0000000E+00
    5    3  0.5000000E+00  0.2025412E-01  0.0000000E+00
    6    3  0.6000000E+00  0.2461221E-01  0.0000000E+00
    7    3  0.7000000E+00  0.2898669E-01  0.0000000E+00
    8    3  0.8000000E+00  0.3337371E-01  0.0000000E+00
    9    3  0.9000000E+00  0.3777052E-01  0.0000000E+00
   10    3  0.1000000E+01  0.4217508E-01  0.0000000E+00
