% for 3D Problem... 1: xx, 2: yy, 3: zz 4: yz, 5: zx, 6: xy
%Step       1-1(strn)       1-2(strn)       1-3(strn)       1-1(strs)       1-2(strs)       1-3(strs)  
    1 -0.29113040E-03  0.39307277E-05  0.26031523E-04  0.18012830E+02  0.60472734E+00  0.40048497E+01  
    2 -0.63291388E-03  0.10841418E-04  0.64630977E-04  0.46386278E+02  0.14505989E+01  0.86941824E+01  
    3 -0.12671639E-02  0.28617812E-04  0.17095114E-03  0.11045462E+03  0.22234099E+01  0.13456850E+02  
    4 -0.19155948E-02  0.48074447E-04  0.25200555E-03  0.14357245E+03  0.28451306E+01  0.14276606E+02  
    5 -0.25622456E-02  0.65046748E-04  0.33100004E-03  0.16665814E+03  0.30220123E+01  0.14742065E+02  
    6 -0.32129900E-02  0.80969300E-04  0.40704652E-03  0.18641884E+03  0.30411110E+01  0.14778293E+02  
    7 -0.38667194E-02  0.95757116E-04  0.48016566E-03  0.20390042E+03  0.29623901E+01  0.14564652E+02  
    8 -0.45224270E-02  0.10935256E-03  0.55048838E-03  0.21971370E+03  0.28230030E+01  0.14218950E+02  
    9 -0.51794107E-02  0.12176060E-03  0.61822039E-03  0.23429273E+03  0.26489955E+01  0.13814207E+02  
   10 -0.58371885E-02  0.13302713E-03  0.68360216E-03  0.24795114E+03  0.24584485E+01  0.13394737E+02  
