%Step       1-1(disp)       1-2(disp)       1-3(disp)       1-1(foce)       1-2(foce)       1-3(foce)  
    1  0.00000000E+00  0.00000000E+00  0.25000000E-03 -0.99069251E+00 -0.99069251E+00  0.29470720E+01  
    2  0.00000000E+00  0.00000000E+00  0.50000000E-03 -0.19813850E+01 -0.19813850E+01  0.58941439E+01  
    3  0.00000000E+00  0.00000000E+00  0.75000000E-03 -0.29720775E+01 -0.29720775E+01  0.88412159E+01  
    4  0.00000000E+00  0.00000000E+00  0.10000000E-02 -0.35243707E+01 -0.35243707E+01  0.10864594E+02  
    5  0.00000000E+00  0.00000000E+00  0.12500000E-02 -0.30851151E+01 -0.30851151E+01  0.10876937E+02  
    6  0.00000000E+00  0.00000000E+00  0.15000000E-02 -0.28681211E+01 -0.28681211E+01  0.11013016E+02  
    7  0.00000000E+00  0.00000000E+00  0.17500000E-02 -0.28819487E+01 -0.28819487E+01  0.11072958E+02  
    8  0.00000000E+00  0.00000000E+00  0.20000000E-02 -0.33774148E+01 -0.33774148E+01  0.11222543E+02  
    9  0.00000000E+00  0.00000000E+00  0.22500000E-02 -0.39971258E+01 -0.39971258E+01  0.11301514E+02  
   10  0.00000000E+00  0.00000000E+00  0.25000000E-02 -0.46250728E+01 -0.46250728E+01  0.11396295E+02  
