%Step       3-1(disp)       3-2(disp)       3-3(disp)       3-1(foce)       3-2(foce)       3-3(foce)  
    1  0.55855380E-04 -0.18618460E-03  0.55855380E-04 -0.20341437E-16 -0.93092300E+01 -0.14289990E-14  
    2  0.11171076E-03 -0.37236920E-03  0.11171076E-03 -0.40682874E-16 -0.18618460E+02 -0.28579981E-14  
    3  0.16756614E-03 -0.55855380E-03  0.16756614E-03 -0.15044771E-14 -0.27927690E+02 -0.48496837E-14  
    4  0.22342152E-03 -0.74473840E-03  0.22342152E-03 -0.81365748E-16 -0.37236920E+02 -0.57159962E-14  
    5  0.27927690E-03 -0.93092300E-03  0.27927690E-03  0.41677034E-14 -0.46546150E+02 -0.56725657E-14  
    6  0.33513228E-03 -0.11171076E-02  0.33513228E-03 -0.16935540E-15 -0.55855380E+02 -0.80252457E-14  
    7  0.39098766E-03 -0.13032922E-02  0.39098766E-03  0.56101716E-14 -0.65164610E+02 -0.98420279E-14  
    8  0.44684304E-03 -0.14894768E-02  0.44684304E-03  0.71457265E-14 -0.74473840E+02 -0.11611610E-13  
    9  0.50269842E-03 -0.16756614E-02  0.50269842E-03  0.49277978E-14 -0.83783070E+02 -0.14059834E-13  
   10  0.55855380E-03 -0.18618460E-02  0.55855380E-03  0.18371242E-13 -0.93092300E+02 -0.99717752E-14  
   11  0.61440918E-03 -0.20480306E-02  0.61440918E-03  0.99591055E-14 -0.10240153E+03 -0.84862839E-14  
   12  0.67026456E-03 -0.22342152E-02  0.67026456E-03  0.10442781E-13 -0.11171076E+03 -0.12144016E-13  
   13  0.72611994E-03 -0.24203998E-02  0.72611994E-03  0.15349867E-13 -0.12101999E+03 -0.16596229E-13  
   14  0.78231207E-03 -0.26069810E-02  0.78231207E-03 -0.11110887E-13 -0.13032922E+03 -0.57122703E-14  
   15  0.13036290E-02 -0.33412848E-02  0.13036290E-02 -0.24663512E-13 -0.13963845E+03 -0.25352815E-13  
   16  0.18249458E-02 -0.40755887E-02  0.18249458E-02 -0.61706849E-14 -0.14894768E+03 -0.29403074E-13  
   17  0.23462627E-02 -0.48098925E-02  0.23462627E-02 -0.21007333E-14 -0.15825691E+03 -0.20954546E-13  
   18  0.28675796E-02 -0.55441964E-02  0.28675796E-02 -0.14846610E-13 -0.16756614E+03 -0.15230967E-13  
   19  0.33888965E-02 -0.62785002E-02  0.33888965E-02 -0.20190222E-13 -0.17687537E+03 -0.37190997E-13  
   20  0.39102134E-02 -0.70128041E-02  0.39102134E-02 -0.26467629E-13 -0.18618460E+03 -0.18926557E-13  
   21  0.44315302E-02 -0.77471079E-02  0.44315302E-02 -0.32777021E-13 -0.19549383E+03 -0.58832013E-13  
   22  0.49528471E-02 -0.84814118E-02  0.49528471E-02 -0.62896147E-13 -0.20480306E+03 -0.10595441E-12  
   23  0.54741640E-02 -0.92157156E-02  0.54741640E-02 -0.67126983E-14 -0.21411229E+03 -0.46910785E-13  
   24  0.59954809E-02 -0.99500195E-02  0.59954809E-02 -0.70589868E-13 -0.22342152E+03 -0.69315181E-13  
   25  0.65167978E-02 -0.10684323E-01  0.65167978E-02 -0.29928116E-13 -0.23273075E+03 -0.45878654E-13  
   26  0.70381146E-02 -0.11418627E-01  0.70381146E-02 -0.57347449E-13 -0.24203998E+03 -0.66289765E-13  
   27  0.75594315E-02 -0.12152931E-01  0.75594315E-02 -0.32645896E-13 -0.25134921E+03  0.79851867E-14  
   28  0.80807484E-02 -0.12887235E-01  0.80807484E-02 -0.30162801E-13 -0.26065844E+03  0.60177994E-14  
   29  0.86020653E-02 -0.13621539E-01  0.86020653E-02 -0.56447875E-13 -0.26996767E+03  0.15411458E-13  
   30  0.91233822E-02 -0.14355843E-01  0.91233822E-02 -0.63383184E-13 -0.27927690E+03  0.50625564E-14  
   31  0.96446990E-02 -0.15090146E-01  0.96446990E-02 -0.35967388E-13 -0.28858613E+03  0.84373856E-13  
   32  0.10166016E-01 -0.15824450E-01  0.10166016E-01 -0.55121838E-13 -0.29789536E+03 -0.98301998E-14  
   33  0.10687333E-01 -0.16558754E-01  0.10687333E-01 -0.19954148E-13 -0.30720459E+03  0.10711484E-14  
   34  0.11208650E-01 -0.17293058E-01  0.11208650E-01 -0.50204210E-13 -0.31651382E+03  0.46482891E-13  
   35  0.11729967E-01 -0.18027362E-01  0.11729967E-01 -0.72933602E-13 -0.32582305E+03  0.20997203E-13  
   36  0.12251283E-01 -0.18761666E-01  0.12251283E-01 -0.14492319E-12 -0.33513228E+03 -0.11569929E-12  
   37  0.12772600E-01 -0.19495970E-01  0.12772600E-01 -0.34938582E-12 -0.34444151E+03 -0.15634092E-12  
   38  0.13293917E-01 -0.20230273E-01  0.13293917E-01 -0.25577869E-12 -0.35375074E+03 -0.19187335E-12  
   39  0.13815234E-01 -0.20964577E-01  0.13815234E-01 -0.14340326E-12 -0.36305997E+03 -0.93820489E-13  
   40  0.14336551E-01 -0.21698881E-01  0.14336551E-01 -0.24703903E-12 -0.37236920E+03 -0.21036362E-12  
   41  0.14857868E-01 -0.22433185E-01  0.14857868E-01 -0.27016733E-12 -0.38167843E+03 -0.17666258E-12  
   42  0.15379185E-01 -0.23167489E-01  0.15379185E-01 -0.29375044E-12 -0.39098766E+03 -0.18170440E-12  
   43  0.15900502E-01 -0.23901793E-01  0.15900502E-01 -0.24204328E-12 -0.40029689E+03 -0.18552152E-12  
   44  0.16421818E-01 -0.24636096E-01  0.16421818E-01 -0.20347397E-13 -0.40960612E+03  0.60644471E-13  
   45  0.16943135E-01 -0.25370400E-01  0.16943135E-01 -0.24788546E-12 -0.41891535E+03 -0.69968365E-13  
   46  0.17464452E-01 -0.26104704E-01  0.17464452E-01 -0.69484712E-13 -0.42822458E+03  0.52959317E-13  
   47  0.17985769E-01 -0.26839008E-01  0.17985769E-01 -0.11083309E-12 -0.43753381E+03 -0.55917859E-13  
   48  0.18507086E-01 -0.27573312E-01  0.18507086E-01  0.49781122E-13 -0.44684304E+03  0.10450886E-12  
   49  0.19028403E-01 -0.28307616E-01  0.19028403E-01  0.11354966E-12 -0.45615227E+03  0.88826344E-13  
   50  0.19549720E-01 -0.29041920E-01  0.19549720E-01  0.56112558E-13 -0.46546150E+03  0.88081239E-13  
   51  0.20071037E-01 -0.29776223E-01  0.20071037E-01  0.27976822E-13 -0.47477073E+03 -0.37889096E-13  
   52  0.20592354E-01 -0.30510527E-01  0.20592354E-01  0.98282843E-13 -0.48407996E+03 -0.10496243E-13  
   53  0.21113670E-01 -0.31244831E-01  0.21113670E-01  0.53561302E-13 -0.49338919E+03 -0.33672775E-13  
   54  0.21634987E-01 -0.31979135E-01  0.21634987E-01  0.40909887E-13 -0.50269842E+03  0.97517506E-13  
   55  0.22156304E-01 -0.32713439E-01  0.22156304E-01 -0.52491242E-13 -0.51200765E+03 -0.26605084E-13  
   56  0.22677621E-01 -0.33447743E-01  0.22677621E-01  0.10208435E-12 -0.52131688E+03 -0.52562873E-13  
   57  0.23198938E-01 -0.34182047E-01  0.23198938E-01 -0.17696211E-12 -0.53062611E+03 -0.13726358E-12  
   58  0.23720255E-01 -0.34916350E-01  0.23720255E-01 -0.10625809E-12 -0.53993534E+03 -0.61750613E-13  
   59  0.24241572E-01 -0.35650654E-01  0.24241572E-01  0.86133377E-13 -0.54924457E+03  0.59439881E-13  
   60  0.24762889E-01 -0.36384958E-01  0.24762889E-01  0.45791563E-13 -0.55855380E+03  0.17850026E-12  
   61  0.25284205E-01 -0.37119262E-01  0.25284205E-01  0.15203518E-12 -0.56786303E+03  0.39032325E-13  
   62  0.25805522E-01 -0.37853566E-01  0.25805522E-01 -0.28233706E-12 -0.57717226E+03 -0.12218456E-12  
   63  0.26326839E-01 -0.38587870E-01  0.26326839E-01  0.78477145E-13 -0.58648149E+03  0.72864482E-13  
   64  0.26848156E-01 -0.39322174E-01  0.26848156E-01  0.41451110E-13 -0.59579072E+03  0.11290730E-12  
   65  0.27369473E-01 -0.40056477E-01  0.27369473E-01  0.16760320E-12 -0.60509995E+03  0.14789123E-12  
   66  0.27890790E-01 -0.40790781E-01  0.27890790E-01 -0.98452842E-13 -0.61440918E+03  0.13044669E-12  
   67  0.28412107E-01 -0.41525085E-01  0.28412107E-01  0.38564414E-13 -0.62371841E+03 -0.58915738E-13  
   68  0.28933424E-01 -0.42259389E-01  0.28933424E-01  0.74452801E-13 -0.63302764E+03  0.15501795E-12  
   69  0.29454740E-01 -0.42993693E-01  0.29454740E-01  0.22112290E-12 -0.64233687E+03 -0.46617705E-14  
   70  0.29976057E-01 -0.43727997E-01  0.29976057E-01  0.75942707E-14 -0.65164610E+03 -0.45379065E-13  
   71  0.30497374E-01 -0.44462300E-01  0.30497374E-01  0.38329554E-13 -0.66095533E+03 -0.20322501E-14  
   72  0.31018691E-01 -0.45196604E-01  0.31018691E-01  0.13212734E-12 -0.67026456E+03  0.17061284E-12  
   73  0.31540008E-01 -0.45930908E-01  0.31540008E-01  0.30829449E-13 -0.67957379E+03  0.28466714E-13  
   74  0.32061325E-01 -0.46665212E-01  0.32061325E-01  0.27169464E-12 -0.68888302E+03  0.16817605E-12  
   75  0.32582642E-01 -0.47399516E-01  0.32582642E-01  0.10882514E-12 -0.69819225E+03 -0.12554782E-13  
   76  0.33103959E-01 -0.48133820E-01  0.33103959E-01 -0.30337100E-12 -0.70750148E+03 -0.18500001E-12  
   77  0.33625276E-01 -0.48868124E-01  0.33625276E-01 -0.18735799E-12 -0.71681071E+03 -0.18398607E-12  
   78  0.34146592E-01 -0.49602427E-01  0.34146592E-01 -0.45448459E-12 -0.72611994E+03 -0.30671686E-12  
   79  0.34667909E-01 -0.50336731E-01  0.34667909E-01 -0.41275101E-12 -0.73542917E+03 -0.55690611E-12  
   80  0.35189226E-01 -0.51071035E-01  0.35189226E-01 -0.85344073E-12 -0.74473840E+03 -0.87173049E-12  
   81  0.35710543E-01 -0.51805339E-01  0.35710543E-01 -0.58591729E-12 -0.75404763E+03 -0.90931784E-12  
   82  0.36231860E-01 -0.52539643E-01  0.36231860E-01 -0.12867550E-11 -0.76335686E+03 -0.10645868E-11  
   83  0.36753177E-01 -0.53273947E-01  0.36753177E-01 -0.10327058E-11 -0.77266609E+03 -0.93125498E-12  
   84  0.37274494E-01 -0.54008251E-01  0.37274494E-01 -0.11083996E-11 -0.78197532E+03 -0.11930975E-11  
   85  0.37795811E-01 -0.54742554E-01  0.37795811E-01 -0.11722705E-11 -0.79128455E+03 -0.13210741E-11  
   86  0.38317127E-01 -0.55476858E-01  0.38317127E-01 -0.15897244E-11 -0.80059378E+03 -0.17520805E-11  
   87  0.38838444E-01 -0.56211162E-01  0.38838444E-01 -0.16265666E-11 -0.80990301E+03 -0.16565649E-11  
   88  0.39359761E-01 -0.56945466E-01  0.39359761E-01 -0.16076979E-11 -0.81921224E+03 -0.15787020E-11  
   89  0.39881078E-01 -0.57679770E-01  0.39881078E-01 -0.20833964E-11 -0.82852147E+03 -0.16535380E-11  
   90  0.40402395E-01 -0.58414074E-01  0.40402395E-01 -0.18046849E-11 -0.83783070E+03 -0.17570973E-11  
   91  0.40923712E-01 -0.59148377E-01  0.40923712E-01 -0.26210643E-11 -0.84713993E+03 -0.24959753E-11  
   92  0.41445029E-01 -0.59882681E-01  0.41445029E-01 -0.24392534E-11 -0.85644916E+03 -0.23821412E-11  
   93  0.41966346E-01 -0.60616985E-01  0.41966346E-01 -0.23950869E-11 -0.86575839E+03 -0.22706628E-11  
   94  0.42487662E-01 -0.61351289E-01  0.42487662E-01 -0.25159488E-11 -0.87506762E+03 -0.25209335E-11  
   95  0.43008979E-01 -0.62085593E-01  0.43008979E-01 -0.24866401E-11 -0.88437685E+03 -0.23633053E-11  
   96  0.43530296E-01 -0.62819897E-01  0.43530296E-01 -0.30970649E-11 -0.89368608E+03 -0.29774146E-11  
   97  0.44051613E-01 -0.63554201E-01  0.44051613E-01 -0.29556856E-11 -0.90299531E+03 -0.29366772E-11  
   98  0.44572930E-01 -0.64288504E-01  0.44572930E-01 -0.27716389E-11 -0.91230454E+03 -0.28844498E-11  
   99  0.45094247E-01 -0.65022808E-01  0.45094247E-01 -0.29045375E-11 -0.92161377E+03 -0.27900919E-11  
  100  0.45615564E-01 -0.65757112E-01  0.45615564E-01 -0.31699038E-11 -0.93092300E+03 -0.28135758E-11  
