%Step       3-1(disp)       3-2(disp)       3-3(disp)       3-1(foce)       3-2(foce)       3-3(foce)  
    1 -0.30000000E-04  0.10000000E-03 -0.30000000E-04  0.83527209E-15  0.50000000E+01  0.37466107E-15  
    2 -0.60000000E-04  0.20000000E-03 -0.60000000E-04  0.16705442E-14  0.10000000E+02  0.74932214E-15  
    3 -0.90000000E-04  0.30000000E-03 -0.90000000E-04  0.38794613E-14  0.15000000E+02  0.16793634E-14  
    4 -0.12000000E-03  0.40000000E-03 -0.12000000E-03  0.33410883E-14  0.20000000E+02  0.14986443E-14  
    5 -0.15000000E-03  0.50000000E-03 -0.15000000E-03  0.57819026E-14  0.25000000E+02  0.14854136E-14  
    6 -0.18000000E-03  0.60000000E-03 -0.18000000E-03  0.80156643E-14  0.30000000E+02  0.43003488E-14  
    7 -0.21000000E-03  0.70000000E-03 -0.21000000E-03  0.10955679E-13  0.35000000E+02  0.52746979E-14  
    8 -0.24000000E-03  0.80000000E-03 -0.24000000E-03  0.70455372E-14  0.40000000E+02  0.16815646E-14  
    9 -0.27000000E-03  0.90000000E-03 -0.27000000E-03  0.14007318E-13  0.45000000E+02  0.56732021E-14  
