%Step       3-1(disp)       3-2(disp)       3-3(disp)       3-1(foce)       3-2(foce)       3-3(foce)  
    1  0.55855380E-04 -0.18618460E-03  0.55855380E-04 -0.20341437E-16 -0.93092300E+01 -0.14289990E-14  
    2  0.11171076E-03 -0.37236920E-03  0.11171076E-03 -0.40682874E-16 -0.18618460E+02 -0.28579981E-14  
    3  0.16756614E-03 -0.55855380E-03  0.16756614E-03 -0.15044771E-14 -0.27927690E+02 -0.48496837E-14  
    4  0.22342152E-03 -0.74473840E-03  0.22342152E-03 -0.81365748E-16 -0.37236920E+02 -0.57159962E-14  
    5  0.27927690E-03 -0.93092300E-03  0.27927690E-03  0.41677034E-14 -0.46546150E+02 -0.56725657E-14  
    6  0.33513228E-03 -0.11171076E-02  0.33513228E-03 -0.16935540E-15 -0.55855380E+02 -0.80252457E-14  
    7  0.39098766E-03 -0.13032922E-02  0.39098766E-03  0.56101716E-14 -0.65164610E+02 -0.98420279E-14  
    8  0.44684304E-03 -0.14894768E-02  0.44684304E-03  0.71457265E-14 -0.74473840E+02 -0.11611610E-13  
    9  0.50269842E-03 -0.16756614E-02  0.50269842E-03  0.49277978E-14 -0.83783070E+02 -0.14059834E-13  
   10  0.55855380E-03 -0.18618460E-02  0.55855380E-03  0.18371242E-13 -0.93092300E+02 -0.99717752E-14  
   11  0.61440918E-03 -0.20480306E-02  0.61440918E-03  0.99591055E-14 -0.10240153E+03 -0.84862839E-14  
   12  0.67026456E-03 -0.22342152E-02  0.67026456E-03  0.10442781E-13 -0.11171076E+03 -0.12144016E-13  
