%Step       3-1(disp)       3-2(disp)       3-3(disp)       3-1(foce)       3-2(foce)       3-3(foce)  
    1  0.55855380E-04 -0.18618460E-03  0.55855380E-04 -0.20341437E-16 -0.93092300E+01 -0.14289990E-14  
    2  0.11171076E-03 -0.37236920E-03  0.11171076E-03 -0.40682874E-16 -0.18618460E+02 -0.28579981E-14  
    3  0.16756614E-03 -0.55855380E-03  0.16756614E-03 -0.15044771E-14 -0.27927690E+02 -0.48496837E-14  
    4  0.22342152E-03 -0.74473840E-03  0.22342152E-03 -0.81365748E-16 -0.37236920E+02 -0.57159962E-14  
    5  0.27927690E-03 -0.93092300E-03  0.27927690E-03  0.41677034E-14 -0.46546150E+02 -0.56725657E-14  
    6  0.33513228E-03 -0.11171076E-02  0.33513228E-03 -0.16935540E-15 -0.55855380E+02 -0.80252457E-14  
    7  0.39098766E-03 -0.13032922E-02  0.39098766E-03  0.56101716E-14 -0.65164610E+02 -0.98420279E-14  
    8  0.44684304E-03 -0.14894768E-02  0.44684304E-03  0.71457265E-14 -0.74473840E+02 -0.11611610E-13  
    9  0.50269842E-03 -0.16756614E-02  0.50269842E-03  0.49277978E-14 -0.83783070E+02 -0.14059834E-13  
   10  0.55855380E-03 -0.18618460E-02  0.55855380E-03  0.18371242E-13 -0.93092300E+02 -0.99717752E-14  
   11  0.61440918E-03 -0.20480306E-02  0.61440918E-03  0.99591055E-14 -0.10240153E+03 -0.84862839E-14  
   12  0.67026456E-03 -0.22342152E-02  0.67026456E-03  0.10442781E-13 -0.11171076E+03 -0.12144016E-13  
   13  0.72611994E-03 -0.24203998E-02  0.72611994E-03  0.15349867E-13 -0.12101999E+03 -0.16596229E-13  
   14  0.78197532E-03 -0.26065844E-02  0.78197532E-03  0.16633898E-13 -0.13032922E+03 -0.15207238E-13  
   15  0.83783070E-03 -0.27927690E-02  0.83783070E-03  0.14409805E-13 -0.13963845E+03 -0.16738141E-13  
   16  0.12003289E-02 -0.32796417E-02  0.12003289E-02 -0.15073242E-13 -0.14894768E+03  0.25239864E-15  
   17  0.17216458E-02 -0.39222489E-02  0.17216458E-02 -0.65412986E-14 -0.15825691E+03 -0.84837569E-14  
   18  0.22429627E-02 -0.45648562E-02  0.22429627E-02 -0.72139790E-14 -0.16756614E+03 -0.45586466E-14  
   19  0.27642795E-02 -0.52074634E-02  0.27642795E-02  0.76599136E-15 -0.17687537E+03 -0.61141761E-14  
   20  0.32855964E-02 -0.58500707E-02  0.32855964E-02 -0.19320615E-13 -0.18618460E+03  0.82854863E-16  
   21  0.38069133E-02 -0.64926779E-02  0.38069133E-02 -0.11704353E-13 -0.19549383E+03  0.34770699E-13  
   22  0.43282302E-02 -0.71352852E-02  0.43282302E-02 -0.81526786E-14 -0.20480306E+03  0.32901113E-13  
   23  0.48495471E-02 -0.77778924E-02  0.48495471E-02 -0.63570650E-14 -0.21411229E+03  0.65052887E-14  
   24  0.53708639E-02 -0.84204997E-02  0.53708639E-02 -0.29857117E-13 -0.22342152E+03  0.33788306E-13  
   25  0.58921808E-02 -0.90631069E-02  0.58921808E-02 -0.39502540E-13 -0.23273075E+03  0.66884086E-13  
   26  0.64134977E-02 -0.97057142E-02  0.64134977E-02 -0.30326378E-13 -0.24203998E+03 -0.32081971E-13  
   27  0.69348146E-02 -0.10348321E-01  0.69348146E-02 -0.13239603E-12 -0.25134921E+03 -0.78225451E-13  
   28  0.74561315E-02 -0.10990929E-01  0.74561315E-02 -0.18041758E-14 -0.26065844E+03  0.11326461E-13  
   29  0.79774483E-02 -0.11633536E-01  0.79774483E-02 -0.23753486E-13 -0.26996767E+03  0.80427001E-14  
   30  0.84987652E-02 -0.12276143E-01  0.84987652E-02 -0.10664691E-12 -0.27927690E+03 -0.88691691E-13  
   31  0.90200821E-02 -0.12918750E-01  0.90200821E-02 -0.38538396E-13 -0.28858613E+03 -0.68234838E-13  
   32  0.95413990E-02 -0.13561358E-01  0.95413990E-02 -0.11246122E-12 -0.29789536E+03 -0.80765564E-13  
   33  0.10062716E-01 -0.14203965E-01  0.10062716E-01 -0.95479910E-13 -0.30720459E+03 -0.10794179E-12  
   34  0.10584033E-01 -0.14846572E-01  0.10584033E-01 -0.20414194E-12 -0.31651382E+03 -0.98046643E-13  
   35  0.11105350E-01 -0.15489179E-01  0.11105350E-01 -0.30254893E-12 -0.32582305E+03 -0.13006961E-12  
   36  0.11626667E-01 -0.16131787E-01  0.11626667E-01 -0.22015655E-12 -0.33513228E+03 -0.10237978E-12  
   37  0.12147983E-01 -0.16774394E-01  0.12147983E-01 -0.25931805E-12 -0.34444151E+03 -0.15807982E-12  
   38  0.12669300E-01 -0.17417001E-01  0.12669300E-01 -0.24682518E-12 -0.35375074E+03 -0.18944362E-12  
   39  0.13190617E-01 -0.18059608E-01  0.13190617E-01 -0.25031907E-12 -0.36305997E+03 -0.23599118E-12  
   40  0.13711934E-01 -0.18702216E-01  0.13711934E-01 -0.16112396E-12 -0.37236920E+03 -0.17278294E-12  
   41  0.14233251E-01 -0.19344823E-01  0.14233251E-01 -0.30693367E-12 -0.38167843E+03 -0.22477552E-12  
   42  0.14754568E-01 -0.19987430E-01  0.14754568E-01 -0.45334472E-12 -0.39098766E+03 -0.25765532E-12  
   43  0.15275885E-01 -0.20630037E-01  0.15275885E-01 -0.30092870E-12 -0.40029689E+03 -0.26955295E-12  
   44  0.15797202E-01 -0.21272645E-01  0.15797202E-01 -0.34544049E-12 -0.40960612E+03 -0.25696102E-12  
   45  0.16318518E-01 -0.21915252E-01  0.16318518E-01 -0.31004489E-12 -0.41891535E+03 -0.17857182E-12  
   46  0.16839835E-01 -0.22557859E-01  0.16839835E-01 -0.18885287E-12 -0.42822458E+03 -0.70307247E-13  
   47  0.17361152E-01 -0.23200466E-01  0.17361152E-01 -0.17410491E-12 -0.43753381E+03 -0.12540287E-12  
   48  0.17882469E-01 -0.23843074E-01  0.17882469E-01 -0.52512815E-13 -0.44684304E+03 -0.43418776E-13  
   49  0.18403786E-01 -0.24485681E-01  0.18403786E-01  0.13832628E-13 -0.45615227E+03 -0.13102825E-13  
   50  0.18925103E-01 -0.25128288E-01  0.18925103E-01  0.35843288E-14 -0.46546150E+03  0.11335321E-12  
   51  0.19446420E-01 -0.25770895E-01  0.19446420E-01  0.16277897E-12 -0.47477073E+03  0.19427835E-12  
   52  0.19967737E-01 -0.26413503E-01  0.19967737E-01  0.22105900E-12 -0.48407996E+03  0.18914368E-12  
   53  0.20489053E-01 -0.27056110E-01  0.20489053E-01  0.26556231E-12 -0.49338919E+03  0.19595172E-12  
   54  0.21010370E-01 -0.27698717E-01  0.21010370E-01  0.28044758E-12 -0.50269842E+03  0.28408617E-12  
   55  0.21531687E-01 -0.28341324E-01  0.21531687E-01  0.28680748E-12 -0.51200765E+03  0.27632676E-12  
   56  0.22053004E-01 -0.28983932E-01  0.22053004E-01  0.33291728E-12 -0.52131688E+03  0.39089053E-12  
   57  0.22574321E-01 -0.29626539E-01  0.22574321E-01  0.41549836E-12 -0.53062611E+03  0.40088873E-12  
   58  0.23095638E-01 -0.30269146E-01  0.23095638E-01  0.53025509E-12 -0.53993534E+03  0.51457171E-12  
   59  0.23616955E-01 -0.30911753E-01  0.23616955E-01  0.45261866E-12 -0.54924457E+03  0.48199252E-12  
   60  0.24138272E-01 -0.31554361E-01  0.24138272E-01  0.54052655E-12 -0.55855380E+03  0.51205258E-12  
   61  0.24659589E-01 -0.32196968E-01  0.24659589E-01  0.49076300E-12 -0.56786303E+03  0.46522715E-12  
   62  0.25180905E-01 -0.32839575E-01  0.25180905E-01  0.70855572E-12 -0.57717226E+03  0.59439429E-12  
   63  0.25702222E-01 -0.33482182E-01  0.25702222E-01  0.72486293E-12 -0.58648149E+03  0.84097075E-12  
   64  0.26223539E-01 -0.34124790E-01  0.26223539E-01  0.70663051E-12 -0.59579072E+03  0.57973357E-12  
   65  0.26744856E-01 -0.34767397E-01  0.26744856E-01  0.73184106E-12 -0.60509995E+03  0.86027908E-12  
   66  0.27266173E-01 -0.35410004E-01  0.27266173E-01  0.80199232E-12 -0.61440918E+03  0.78765801E-12  
   67  0.27787490E-01 -0.36052611E-01  0.27787490E-01  0.71350104E-12 -0.62371841E+03  0.82697953E-12  
   68  0.28308807E-01 -0.36695219E-01  0.28308807E-01  0.81539334E-12 -0.63302764E+03  0.84357318E-12  
   69  0.28830124E-01 -0.37337826E-01  0.28830124E-01  0.85490171E-12 -0.64233687E+03  0.99601932E-12  
   70  0.29351440E-01 -0.37980433E-01  0.29351440E-01  0.94177079E-12 -0.65164610E+03  0.70558925E-12  
   71  0.29872757E-01 -0.38623040E-01  0.29872757E-01  0.10576393E-11 -0.66095533E+03  0.89526265E-12  
   72  0.30394074E-01 -0.39265648E-01  0.30394074E-01  0.91154969E-12 -0.67026456E+03  0.86142476E-12  
   73  0.30915391E-01 -0.39908255E-01  0.30915391E-01  0.10601218E-11 -0.67957379E+03  0.85425228E-12  
   74  0.31436708E-01 -0.40550862E-01  0.31436708E-01  0.79783868E-12 -0.68888302E+03  0.10573075E-11  
   75  0.31958025E-01 -0.41193469E-01  0.31958025E-01  0.59991690E-12 -0.69819225E+03  0.80890814E-12  
   76  0.32479342E-01 -0.41836077E-01  0.32479342E-01  0.55148571E-12 -0.70750148E+03  0.58519206E-12  
   77  0.33000659E-01 -0.42478684E-01  0.33000659E-01  0.55556494E-12 -0.71681071E+03  0.73002266E-12  
   78  0.33521975E-01 -0.43121291E-01  0.33521975E-01  0.45364598E-12 -0.72611994E+03  0.65955774E-12  
   79  0.34043292E-01 -0.43763898E-01  0.34043292E-01  0.41323015E-12 -0.73542917E+03  0.53334278E-12  
   80  0.34564609E-01 -0.44406506E-01  0.34564609E-01  0.37583349E-12 -0.74473840E+03  0.45876979E-12  
   81  0.35085926E-01 -0.45049113E-01  0.35085926E-01  0.20601568E-12 -0.75404763E+03  0.40276296E-12  
   82  0.35607243E-01 -0.45691720E-01  0.35607243E-01  0.32605092E-12 -0.76335686E+03  0.31142835E-12  
   83  0.36128560E-01 -0.46334327E-01  0.36128560E-01  0.56528471E-13 -0.77266609E+03  0.31769036E-12  
   84  0.36649877E-01 -0.46976935E-01  0.36649877E-01  0.17706708E-12 -0.78197532E+03  0.37555787E-12  
   85  0.37171194E-01 -0.47619542E-01  0.37171194E-01 -0.20583192E-13 -0.79128455E+03  0.13872720E-12  
   86  0.37692511E-01 -0.48262149E-01  0.37692511E-01  0.63710433E-13 -0.80059378E+03  0.11263406E-12  
   87  0.38213827E-01 -0.48904756E-01  0.38213827E-01 -0.37894491E-12 -0.80990301E+03 -0.16548819E-12  
   88  0.38735144E-01 -0.49547364E-01  0.38735144E-01 -0.16675676E-12 -0.81921224E+03 -0.30110765E-13  
   89  0.39256461E-01 -0.50189971E-01  0.39256461E-01 -0.54572024E-12 -0.82852147E+03 -0.28143055E-12  
   90  0.39777778E-01 -0.50832578E-01  0.39777778E-01 -0.53583466E-12 -0.83783070E+03 -0.49677905E-12  
   91  0.40299095E-01 -0.51475185E-01  0.40299095E-01 -0.46167859E-12 -0.84713993E+03 -0.55872605E-12  
   92  0.40820412E-01 -0.52117793E-01  0.40820412E-01 -0.63242530E-12 -0.85644916E+03 -0.73177679E-12  
   93  0.41341729E-01 -0.52760400E-01  0.41341729E-01 -0.59707278E-12 -0.86575839E+03 -0.75731446E-12  
   94  0.41863046E-01 -0.53403007E-01  0.41863046E-01 -0.10101614E-11 -0.87506762E+03 -0.91454701E-12  
   95  0.42384362E-01 -0.54045614E-01  0.42384362E-01 -0.89595257E-12 -0.88437685E+03 -0.95193913E-12  
   96  0.42905679E-01 -0.54688222E-01  0.42905679E-01 -0.90465366E-12 -0.89368608E+03 -0.84580343E-12  
   97  0.43426996E-01 -0.55330829E-01  0.43426996E-01 -0.11201487E-11 -0.90299531E+03 -0.11659020E-11  
   98  0.43948313E-01 -0.55973436E-01  0.43948313E-01 -0.14052453E-11 -0.91230454E+03 -0.11975639E-11  
   99  0.44469630E-01 -0.56616043E-01  0.44469630E-01 -0.15949712E-11 -0.92161377E+03 -0.13109955E-11  
  100  0.44990947E-01 -0.57258651E-01  0.44990947E-01 -0.14746100E-11 -0.93092300E+03 -0.13170136E-11  
