%Step      TotalEne.   Elastic Ene.   Plastic Ene.
    0  0.0000000E+00  0.0000000E+00  0.0000000E+00
    1  0.3466471E-02  0.3466471E-02  0.0000000E+00
    2  0.1386588E-01  0.1386588E-01  0.0000000E+00
    3  0.3119823E-01  0.3119823E-01  0.0000000E+00
    4  0.5546353E-01  0.5546353E-01  0.0000000E+00
    5  0.8666176E-01  0.8666176E-01  0.0000000E+00
    6  0.1247929E+00  0.1247929E+00  0.0000000E+00
    7  0.1698571E+00  0.1698571E+00  0.0000000E+00
    8  0.2218541E+00  0.2218541E+00  0.0000000E+00
    9  0.2807841E+00  0.2807841E+00  0.0000000E+00
   10  0.3466471E+00  0.3466471E+00  0.0000000E+00
   11  0.4194429E+00  0.4194429E+00  0.0000000E+00
   12  0.4991718E+00  0.4991718E+00  0.0000000E+00
