%Step      TotalEne.   Elastic Ene.   Plastic Ene.
    0  0.0000000E+00  0.0000000E+00  0.0000000E+00
    1  0.3466471E-02  0.3466471E-02  0.0000000E+00
    2  0.1386588E-01  0.1386588E-01  0.0000000E+00
    3  0.3119823E-01  0.3119823E-01  0.0000000E+00
    4  0.5546353E-01  0.5546353E-01  0.0000000E+00
    5  0.8666176E-01  0.8666176E-01  0.0000000E+00
    6  0.1247929E+00  0.1247929E+00  0.0000000E+00
    7  0.1698571E+00  0.1698571E+00  0.0000000E+00
    8  0.2218541E+00  0.2218541E+00  0.0000000E+00
    9  0.2807841E+00  0.2807841E+00  0.0000000E+00
   10  0.3466471E+00  0.3466471E+00  0.0000000E+00
   11  0.4194429E+00  0.4194429E+00  0.0000000E+00
   12  0.4991718E+00  0.4991718E+00  0.0000000E+00
   13  0.6872096E+00  0.5858335E+00  0.1013761E+00
   14  0.1331736E+01  0.6794282E+00  0.6523081E+00
   15  0.2022548E+01  0.7799559E+00  0.1242593E+01
   16  0.2759646E+01  0.8874165E+00  0.1872229E+01
   17  0.3543028E+01  0.1001810E+01  0.2541218E+01
   18  0.4372696E+01  0.1123136E+01  0.3249559E+01
   19  0.5248649E+01  0.1251396E+01  0.3997253E+01
   20  0.6170887E+01  0.1386588E+01  0.4784299E+01
   21  0.7139410E+01  0.1528714E+01  0.5610697E+01
   22  0.8154219E+01  0.1677772E+01  0.6476447E+01
   23  0.9215313E+01  0.1833763E+01  0.7381550E+01
   24  0.1032269E+02  0.1996687E+01  0.8326005E+01
   25  0.1147636E+02  0.2166544E+01  0.9309812E+01
   26  0.1267631E+02  0.2343334E+01  0.1033297E+02
   27  0.1392254E+02  0.2527057E+01  0.1139548E+02
   28  0.1521506E+02  0.2717713E+01  0.1249735E+02
   29  0.1655387E+02  0.2915302E+01  0.1363856E+02
   30  0.1793896E+02  0.3119823E+01  0.1481913E+02
   31  0.1937033E+02  0.3331278E+01  0.1603905E+02
   32  0.2084799E+02  0.3549666E+01  0.1729833E+02
   33  0.2237194E+02  0.3774986E+01  0.1859695E+02
   34  0.2394217E+02  0.4007240E+01  0.1993493E+02
   35  0.2555869E+02  0.4246426E+01  0.2131226E+02
   36  0.2722149E+02  0.4492546E+01  0.2272894E+02
   37  0.2893058E+02  0.4745598E+01  0.2418498E+02
   38  0.3068595E+02  0.5005583E+01  0.2568037E+02
   39  0.3248761E+02  0.5272502E+01  0.2721510E+02
   40  0.3433555E+02  0.5546353E+01  0.2878920E+02
   41  0.3622978E+02  0.5827137E+01  0.3040264E+02
   42  0.3817029E+02  0.6114854E+01  0.3205544E+02
   43  0.4015709E+02  0.6409504E+01  0.3374759E+02
   44  0.4219017E+02  0.6711087E+01  0.3547909E+02
   45  0.4426954E+02  0.7019603E+01  0.3724994E+02
   46  0.4639520E+02  0.7335052E+01  0.3906014E+02
   47  0.4856714E+02  0.7657433E+01  0.4090970E+02
   48  0.5078536E+02  0.7986748E+01  0.4279861E+02
   49  0.5304987E+02  0.8322996E+01  0.4472687E+02
   50  0.5536067E+02  0.8666176E+01  0.4669449E+02
   51  0.5771775E+02  0.9016290E+01  0.4870146E+02
   52  0.6012111E+02  0.9373336E+01  0.5074778E+02
   53  0.6257076E+02  0.9737316E+01  0.5283345E+02
   54  0.6506670E+02  0.1010823E+02  0.5495847E+02
   55  0.6760892E+02  0.1048607E+02  0.5712285E+02
   56  0.7019743E+02  0.1087085E+02  0.5932657E+02
   57  0.7283222E+02  0.1126256E+02  0.6156966E+02
   58  0.7551329E+02  0.1166121E+02  0.6385209E+02
   59  0.7824066E+02  0.1206678E+02  0.6617387E+02
   60  0.8101430E+02  0.1247929E+02  0.6853501E+02
   61  0.8383424E+02  0.1289874E+02  0.7093550E+02
   62  0.8670046E+02  0.1332511E+02  0.7337534E+02
   63  0.8961296E+02  0.1375842E+02  0.7585454E+02
   64  0.9257175E+02  0.1419866E+02  0.7837308E+02
   65  0.9557682E+02  0.1464584E+02  0.8093098E+02
   66  0.9862818E+02  0.1509995E+02  0.8352823E+02
   67  0.1017258E+03  0.1556099E+02  0.8616484E+02
   68  0.1048698E+03  0.1602896E+02  0.8884079E+02
   69  0.1080600E+03  0.1650387E+02  0.9155610E+02
   70  0.1112965E+03  0.1698571E+02  0.9431076E+02
   71  0.1145793E+03  0.1747448E+02  0.9710477E+02
   72  0.1179083E+03  0.1797018E+02  0.9993814E+02
   73  0.1212837E+03  0.1847282E+02  0.1028109E+03
   74  0.1247053E+03  0.1898239E+02  0.1057229E+03
   75  0.1281732E+03  0.1949890E+02  0.1086743E+03
   76  0.1316875E+03  0.2002233E+02  0.1116651E+03
   77  0.1352480E+03  0.2055270E+02  0.1146952E+03
   78  0.1388547E+03  0.2109001E+02  0.1177647E+03
   79  0.1425078E+03  0.2163424E+02  0.1208736E+03
   80  0.1462072E+03  0.2218541E+02  0.1240217E+03
   81  0.1499528E+03  0.2274351E+02  0.1272093E+03
   82  0.1537447E+03  0.2330855E+02  0.1304362E+03
   83  0.1575829E+03  0.2388052E+02  0.1337024E+03
   84  0.1614674E+03  0.2445942E+02  0.1370080E+03
   85  0.1653982E+03  0.2504525E+02  0.1403529E+03
   86  0.1693753E+03  0.2563802E+02  0.1437372E+03
   87  0.1733986E+03  0.2623772E+02  0.1471609E+03
   88  0.1774682E+03  0.2684435E+02  0.1506239E+03
   89  0.1815842E+03  0.2745791E+02  0.1541262E+03
   90  0.1857464E+03  0.2807841E+02  0.1576680E+03
   91  0.1899549E+03  0.2870584E+02  0.1612490E+03
   92  0.1942096E+03  0.2934021E+02  0.1648694E+03
   93  0.1985107E+03  0.2998150E+02  0.1685292E+03
   94  0.2028580E+03  0.3062973E+02  0.1722283E+03
   95  0.2072517E+03  0.3128490E+02  0.1759668E+03
   96  0.2116916E+03  0.3194699E+02  0.1797446E+03
   97  0.2161778E+03  0.3261602E+02  0.1835618E+03
   98  0.2207103E+03  0.3329198E+02  0.1874183E+03
   99  0.2252890E+03  0.3397488E+02  0.1913142E+03
  100  0.2299141E+03  0.3466471E+02  0.1952494E+03
