%Step Iter     dfact          unorm          tnorm
    0    0  0.0000000E+00  0.0000000E+00  0.0000000E+00
    1    1  0.1000000E-01  0.4044965E-03  0.1861846E+02
    2    1  0.2000000E-01  0.8089930E-03  0.3723692E+02
    3    1  0.3000000E-01  0.1213489E-02  0.5585538E+02
    4    1  0.4000000E-01  0.1617986E-02  0.7447384E+02
    5    1  0.5000000E-01  0.2022482E-02  0.9309230E+02
    6    1  0.6000000E-01  0.2426979E-02  0.1117108E+03
    7    1  0.7000000E-01  0.2831475E-02  0.1303292E+03
    8    1  0.8000000E-01  0.3235972E-02  0.1489477E+03
    9    1  0.9000000E-01  0.3640468E-02  0.1675661E+03
   10    1  0.1000000E+00  0.4044965E-02  0.1861846E+03
   11    1  0.1100000E+00  0.4449461E-02  0.2048031E+03
   12    1  0.1200000E+00  0.4853958E-02  0.2234215E+03
   13   17  0.1300000E+00  0.5607385E-02  0.2420400E+03
First plastic deformation at step:  13
   14   17  0.1400000E+00  0.7793482E-02  0.2606584E+03
   15   17  0.1500000E+00  0.9997544E-02  0.2792769E+03
   16   17  0.1600000E+00  0.1220985E-01  0.2978954E+03
   17   17  0.1700000E+00  0.1442660E-01  0.3165138E+03
   18   17  0.1800000E+00  0.1664602E-01  0.3351323E+03
   19   17  0.1900000E+00  0.1886718E-01  0.3537507E+03
   20   17  0.2000000E+00  0.2108952E-01  0.3723692E+03
   21   17  0.2100000E+00  0.2331270E-01  0.3909877E+03
   22   17  0.2200000E+00  0.2553650E-01  0.4096061E+03
   23   17  0.2300000E+00  0.2776078E-01  0.4282246E+03
   24   17  0.2400000E+00  0.2998543E-01  0.4468430E+03
   25   17  0.2500000E+00  0.3221037E-01  0.4654615E+03
   26   17  0.2600000E+00  0.3443555E-01  0.4840800E+03
   27   17  0.2700000E+00  0.3666091E-01  0.5026984E+03
   28   17  0.2800000E+00  0.3888644E-01  0.5213169E+03
   29   17  0.2900000E+00  0.4111210E-01  0.5399353E+03
   30   17  0.3000000E+00  0.4333788E-01  0.5585538E+03
   31   17  0.3100000E+00  0.4556375E-01  0.5771723E+03
   32   17  0.3200000E+00  0.4778970E-01  0.5957907E+03
   33   17  0.3300000E+00  0.5001573E-01  0.6144092E+03
   34   17  0.3400000E+00  0.5224182E-01  0.6330276E+03
   35   17  0.3500000E+00  0.5446796E-01  0.6516461E+03
   36   17  0.3600000E+00  0.5669415E-01  0.6702646E+03
   37   17  0.3700000E+00  0.5892039E-01  0.6888830E+03
   38   17  0.3800000E+00  0.6114666E-01  0.7075015E+03
   39   17  0.3900000E+00  0.6337297E-01  0.7261199E+03
   40   17  0.4000000E+00  0.6559931E-01  0.7447384E+03
   41   17  0.4100000E+00  0.6782568E-01  0.7633569E+03
   42   17  0.4200000E+00  0.7005207E-01  0.7819753E+03
   43   17  0.4300000E+00  0.7227848E-01  0.8005938E+03
   44   17  0.4400000E+00  0.7450492E-01  0.8192122E+03
   45   17  0.4500000E+00  0.7673137E-01  0.8378307E+03
   46   17  0.4600000E+00  0.7895785E-01  0.8564492E+03
   47   17  0.4700000E+00  0.8118433E-01  0.8750676E+03
   48   17  0.4800000E+00  0.8341084E-01  0.8936861E+03
   49   17  0.4900000E+00  0.8563735E-01  0.9123045E+03
   50   17  0.5000000E+00  0.8786388E-01  0.9309230E+03
   51   17  0.5100000E+00  0.9009042E-01  0.9495415E+03
   52   17  0.5200000E+00  0.9231697E-01  0.9681599E+03
   53   17  0.5300000E+00  0.9454353E-01  0.9867784E+03
   54   17  0.5400000E+00  0.9677010E-01  0.1005397E+04
   55   17  0.5500000E+00  0.9899668E-01  0.1024015E+04
   56   17  0.5600000E+00  0.1012233E+00  0.1042634E+04
   57   17  0.5700000E+00  0.1034499E+00  0.1061252E+04
   58   17  0.5800000E+00  0.1056765E+00  0.1079871E+04
   59   17  0.5900000E+00  0.1079031E+00  0.1098489E+04
   60   17  0.6000000E+00  0.1101297E+00  0.1117108E+04
   61   17  0.6100000E+00  0.1123563E+00  0.1135726E+04
   62   17  0.6200000E+00  0.1145829E+00  0.1154345E+04
   63   17  0.6300000E+00  0.1168096E+00  0.1172963E+04
   64   17  0.6400000E+00  0.1190362E+00  0.1191581E+04
   65   17  0.6500000E+00  0.1212628E+00  0.1210200E+04
   66   17  0.6600000E+00  0.1234895E+00  0.1228818E+04
   67   17  0.6700000E+00  0.1257161E+00  0.1247437E+04
   68   17  0.6800000E+00  0.1279428E+00  0.1266055E+04
   69   17  0.6900000E+00  0.1301694E+00  0.1284674E+04
   70   17  0.7000000E+00  0.1323961E+00  0.1303292E+04
   71   17  0.7100000E+00  0.1346228E+00  0.1321911E+04
   72   17  0.7200000E+00  0.1368494E+00  0.1340529E+04
   73   17  0.7300000E+00  0.1390761E+00  0.1359148E+04
   74   17  0.7400000E+00  0.1413028E+00  0.1377766E+04
   75   17  0.7500000E+00  0.1435294E+00  0.1396385E+04
   76   17  0.7600000E+00  0.1457561E+00  0.1415003E+04
   77   17  0.7700000E+00  0.1479828E+00  0.1433621E+04
   78   17  0.7800000E+00  0.1502095E+00  0.1452240E+04
   79   17  0.7900000E+00  0.1524362E+00  0.1470858E+04
   80   17  0.8000000E+00  0.1546629E+00  0.1489477E+04
   81   17  0.8100000E+00  0.1568896E+00  0.1508095E+04
   82   17  0.8200000E+00  0.1591162E+00  0.1526714E+04
   83   17  0.8300000E+00  0.1613429E+00  0.1545332E+04
   84   17  0.8400000E+00  0.1635696E+00  0.1563951E+04
   85   17  0.8500000E+00  0.1657963E+00  0.1582569E+04
   86   17  0.8600000E+00  0.1680230E+00  0.1601188E+04
   87   17  0.8700000E+00  0.1702497E+00  0.1619806E+04
   88   17  0.8800000E+00  0.1724764E+00  0.1638424E+04
   89   17  0.8900000E+00  0.1747031E+00  0.1657043E+04
   90   17  0.9000000E+00  0.1769298E+00  0.1675661E+04
   91   17  0.9100000E+00  0.1791566E+00  0.1694280E+04
   92   17  0.9200000E+00  0.1813833E+00  0.1712898E+04
   93   17  0.9300000E+00  0.1836100E+00  0.1731517E+04
   94   17  0.9400000E+00  0.1858367E+00  0.1750135E+04
   95   17  0.9500000E+00  0.1880634E+00  0.1768754E+04
   96   17  0.9600000E+00  0.1902901E+00  0.1787372E+04
   97   17  0.9700000E+00  0.1925168E+00  0.1805991E+04
   98   17  0.9800000E+00  0.1947435E+00  0.1824609E+04
   99   17  0.9900000E+00  0.1969702E+00  0.1843228E+04
  100   17  0.1000000E+01  0.1991970E+00  0.1861846E+04
