%Step Iter     dfact          unorm          tnorm
    0    0  0.0000000E+00  0.0000000E+00  0.0000000E+00
    1    1  0.1000000E+00  0.8957688E-03  0.0000000E+00
    2    1  0.2000000E+00  0.1791538E-02  0.0000000E+00
    3    1  0.3000000E+00  0.2687306E-02  0.0000000E+00
    4    4  0.4000000E+00  0.3626151E-02  0.0000000E+00
First plastic deformation at step:   4
    5    4  0.5000000E+00  0.4711209E-02  0.0000000E+00
    6    4  0.6000000E+00  0.5795098E-02  0.0000000E+00
    7    3  0.7000000E+00  0.6874681E-02  0.0000000E+00
    8    3  0.8000000E+00  0.7950537E-02  0.0000000E+00
    9    3  0.9000000E+00  0.9028662E-02  0.0000000E+00
   10    3  0.1000000E+01  0.1011010E-01  0.0000000E+00
