%Step Iter     dfact          unorm          tnorm
    0    0  0.0000000E+00  0.0000000E+00  0.0000000E+00
    1    1  0.1000000E-01  0.4044965E-03  0.1861846E+02
    2    1  0.2000000E-01  0.8089930E-03  0.3723692E+02
    3    1  0.3000000E-01  0.1213489E-02  0.5585538E+02
    4    1  0.4000000E-01  0.1617986E-02  0.7447384E+02
    5    1  0.5000000E-01  0.2022482E-02  0.9309230E+02
    6    1  0.6000000E-01  0.2426979E-02  0.1117108E+03
    7    1  0.7000000E-01  0.2831475E-02  0.1303292E+03
    8    1  0.8000000E-01  0.3235972E-02  0.1489477E+03
    9    1  0.9000000E-01  0.3640468E-02  0.1675661E+03
   10    1  0.1000000E+00  0.4044965E-02  0.1861846E+03
   11    1  0.1100000E+00  0.4449461E-02  0.2048031E+03
   12    1  0.1200000E+00  0.4853958E-02  0.2234215E+03
