%Step Iter     dfact          unorm          tnorm
    0    0  0.0000000E+00  0.0000000E+00  0.0000000E+00
    1    1  0.1000000E-01  0.2172556E-03  0.0000000E+00
    2    1  0.2000000E-01  0.4345112E-03  0.0000000E+00
    3    1  0.3000000E-01  0.6517668E-03  0.0000000E+00
    4    1  0.4000000E-01  0.8690224E-03  0.0000000E+00
    5    1  0.5000000E-01  0.1086278E-02  0.0000000E+00
    6    1  0.6000000E-01  0.1303534E-02  0.0000000E+00
    7    1  0.7000000E-01  0.1520789E-02  0.0000000E+00
    8    1  0.8000000E-01  0.1738045E-02  0.0000000E+00
    9    1  0.9000000E-01  0.1955300E-02  0.0000000E+00
   10    1  0.1000000E+00  0.2172556E-02  0.0000000E+00
   11    1  0.1100000E+00  0.2389812E-02  0.0000000E+00
   12    1  0.1200000E+00  0.2607067E-02  0.0000000E+00
   13    1  0.1300000E+00  0.2824323E-02  0.0000000E+00
   14    1  0.1400000E+00  0.3041579E-02  0.0000000E+00
   15    1  0.1500000E+00  0.3258834E-02  0.0000000E+00
   16    1  0.1600000E+00  0.3476090E-02  0.0000000E+00
   17    1  0.1700000E+00  0.3693345E-02  0.0000000E+00
   18    1  0.1800000E+00  0.3910601E-02  0.0000000E+00
   19    1  0.1900000E+00  0.4127857E-02  0.0000000E+00
   20    1  0.2000000E+00  0.4345112E-02  0.0000000E+00
   21    1  0.2100000E+00  0.4562368E-02  0.0000000E+00
   22    1  0.2200000E+00  0.4779623E-02  0.0000000E+00
   23    1  0.2300000E+00  0.4996879E-02  0.0000000E+00
   24    2  0.2400000E+00  0.5217309E-02  0.0000000E+00
First plastic deformation at step:  24
   25    3  0.2500000E+00  0.5453854E-02  0.0000000E+00
   26    4  0.2600000E+00  0.5689838E-02  0.0000000E+00
   27    4  0.2700000E+00  0.5926073E-02  0.0000000E+00
   28    4  0.2800000E+00  0.6162525E-02  0.0000000E+00
   29    4  0.2900000E+00  0.6399168E-02  0.0000000E+00
   30    4  0.3000000E+00  0.6635981E-02  0.0000000E+00
   31    4  0.3100000E+00  0.6872944E-02  0.0000000E+00
   32    4  0.3200000E+00  0.7110042E-02  0.0000000E+00
   33    4  0.3300000E+00  0.7347259E-02  0.0000000E+00
   34    4  0.3400000E+00  0.7584585E-02  0.0000000E+00
   35    4  0.3500000E+00  0.7822007E-02  0.0000000E+00
   36    4  0.3600000E+00  0.8059517E-02  0.0000000E+00
   37    4  0.3700000E+00  0.8297106E-02  0.0000000E+00
   38    4  0.3800000E+00  0.8534768E-02  0.0000000E+00
   39    4  0.3900000E+00  0.8772495E-02  0.0000000E+00
   40    4  0.4000000E+00  0.9010282E-02  0.0000000E+00
   41    4  0.4100000E+00  0.9248123E-02  0.0000000E+00
   42    4  0.4200000E+00  0.9486015E-02  0.0000000E+00
   43    4  0.4300000E+00  0.9723953E-02  0.0000000E+00
   44    4  0.4400000E+00  0.9961933E-02  0.0000000E+00
   45    4  0.4500000E+00  0.1019995E-01  0.0000000E+00
   46    4  0.4600000E+00  0.1043801E-01  0.0000000E+00
   47    4  0.4700000E+00  0.1067610E-01  0.0000000E+00
   48    4  0.4800000E+00  0.1091422E-01  0.0000000E+00
   49    4  0.4900000E+00  0.1115237E-01  0.0000000E+00
   50    4  0.5000000E+00  0.1139054E-01  0.0000000E+00
   51    4  0.5100000E+00  0.1162874E-01  0.0000000E+00
   52    4  0.5200000E+00  0.1186697E-01  0.0000000E+00
   53    4  0.5300000E+00  0.1210521E-01  0.0000000E+00
   54    4  0.5400000E+00  0.1234348E-01  0.0000000E+00
   55    4  0.5500000E+00  0.1258176E-01  0.0000000E+00
   56    4  0.5600000E+00  0.1282007E-01  0.0000000E+00
   57    4  0.5700000E+00  0.1305838E-01  0.0000000E+00
   58    4  0.5800000E+00  0.1329672E-01  0.0000000E+00
   59    4  0.5900000E+00  0.1353507E-01  0.0000000E+00
   60    4  0.6000000E+00  0.1377343E-01  0.0000000E+00
   61    4  0.6100000E+00  0.1401181E-01  0.0000000E+00
   62    4  0.6200000E+00  0.1425020E-01  0.0000000E+00
   63    4  0.6300000E+00  0.1448860E-01  0.0000000E+00
   64    4  0.6400000E+00  0.1472702E-01  0.0000000E+00
   65    4  0.6500000E+00  0.1496544E-01  0.0000000E+00
   66    4  0.6600000E+00  0.1520387E-01  0.0000000E+00
   67    4  0.6700000E+00  0.1544232E-01  0.0000000E+00
   68    4  0.6800000E+00  0.1568077E-01  0.0000000E+00
   69    4  0.6900000E+00  0.1591923E-01  0.0000000E+00
   70    4  0.7000000E+00  0.1615770E-01  0.0000000E+00
   71    4  0.7100000E+00  0.1639617E-01  0.0000000E+00
   72    4  0.7200000E+00  0.1663466E-01  0.0000000E+00
   73    4  0.7300000E+00  0.1687315E-01  0.0000000E+00
   74    4  0.7400000E+00  0.1711165E-01  0.0000000E+00
   75    4  0.7500000E+00  0.1735015E-01  0.0000000E+00
   76    4  0.7600000E+00  0.1758866E-01  0.0000000E+00
   77    4  0.7700000E+00  0.1782718E-01  0.0000000E+00
   78    4  0.7800000E+00  0.1806570E-01  0.0000000E+00
   79    5  0.7900000E+00  0.1830423E-01  0.0000000E+00
   80    5  0.8000000E+00  0.1854276E-01  0.0000000E+00
   81    5  0.8100000E+00  0.1878130E-01  0.0000000E+00
   82    5  0.8200000E+00  0.1901984E-01  0.0000000E+00
   83    5  0.8300000E+00  0.1925839E-01  0.0000000E+00
   84    5  0.8400000E+00  0.1949694E-01  0.0000000E+00
   85    5  0.8500000E+00  0.1973550E-01  0.0000000E+00
   86    5  0.8600000E+00  0.1997406E-01  0.0000000E+00
   87    5  0.8700000E+00  0.2021263E-01  0.0000000E+00
   88    5  0.8800000E+00  0.2045119E-01  0.0000000E+00
   89    5  0.8900000E+00  0.2068977E-01  0.0000000E+00
   90    5  0.9000000E+00  0.2092834E-01  0.0000000E+00
   91    5  0.9100000E+00  0.2116692E-01  0.0000000E+00
   92    5  0.9200000E+00  0.2140550E-01  0.0000000E+00
   93    5  0.9300000E+00  0.2164409E-01  0.0000000E+00
   94    5  0.9400000E+00  0.2188268E-01  0.0000000E+00
   95    5  0.9500000E+00  0.2212127E-01  0.0000000E+00
   96    5  0.9600000E+00  0.2235987E-01  0.0000000E+00
   97    5  0.9700000E+00  0.2259846E-01  0.0000000E+00
   98    5  0.9800000E+00  0.2283706E-01  0.0000000E+00
   99    5  0.9900000E+00  0.2307567E-01  0.0000000E+00
  100    5  0.1000000E+01  0.2331427E-01  0.0000000E+00
