%Step Iter     dfact          unorm          tnorm
    0    0  0.0000000E+00  0.0000000E+00  0.0000000E+00
    1    1  0.1000000E-01  0.4044965E-03  0.1861846E+02
    2    1  0.2000000E-01  0.8089930E-03  0.3723692E+02
    3    1  0.3000000E-01  0.1213489E-02  0.5585538E+02
    4    1  0.4000000E-01  0.1617986E-02  0.7447384E+02
    5    1  0.5000000E-01  0.2022482E-02  0.9309230E+02
    6    1  0.6000000E-01  0.2426979E-02  0.1117108E+03
    7    1  0.7000000E-01  0.2831475E-02  0.1303292E+03
    8    1  0.8000000E-01  0.3235972E-02  0.1489477E+03
    9    1  0.9000000E-01  0.3640468E-02  0.1675661E+03
   10    1  0.1000000E+00  0.4044965E-02  0.1861846E+03
   11    1  0.1100000E+00  0.4449461E-02  0.2048031E+03
   12    1  0.1200000E+00  0.4853958E-02  0.2234215E+03
   13    1  0.1300000E+00  0.5258454E-02  0.2420400E+03
   14    2  0.1400000E+00  0.5664053E-02  0.2606584E+03
First plastic deformation at step:  14
   15    1  0.1500000E+00  0.7632321E-02  0.2792769E+03
   16    1  0.1600000E+00  0.9648062E-02  0.2978954E+03
   17    1  0.1700000E+00  0.1168674E-01  0.3165138E+03
   18    1  0.1800000E+00  0.1373814E-01  0.3351323E+03
   19    1  0.1900000E+00  0.1579732E-01  0.3537507E+03
   20    1  0.2000000E+00  0.1786157E-01  0.3723692E+03
   21    1  0.2100000E+00  0.1992934E-01  0.3909877E+03
   22    1  0.2200000E+00  0.2199961E-01  0.4096061E+03
   23    1  0.2300000E+00  0.2407176E-01  0.4282246E+03
   24    1  0.2400000E+00  0.2614532E-01  0.4468430E+03
   25    1  0.2500000E+00  0.2822000E-01  0.4654615E+03
   26    1  0.2600000E+00  0.3029555E-01  0.4840800E+03
   27    1  0.2700000E+00  0.3237182E-01  0.5026984E+03
   28    1  0.2800000E+00  0.3444868E-01  0.5213169E+03
   29    1  0.2900000E+00  0.3652601E-01  0.5399353E+03
   30    1  0.3000000E+00  0.3860375E-01  0.5585538E+03
   31    1  0.3100000E+00  0.4068184E-01  0.5771723E+03
   32    1  0.3200000E+00  0.4276021E-01  0.5957907E+03
   33    1  0.3300000E+00  0.4483884E-01  0.6144092E+03
   34    1  0.3400000E+00  0.4691769E-01  0.6330276E+03
   35    1  0.3500000E+00  0.4899673E-01  0.6516461E+03
   36    1  0.3600000E+00  0.5107594E-01  0.6702646E+03
   37    1  0.3700000E+00  0.5315530E-01  0.6888830E+03
   38    1  0.3800000E+00  0.5523479E-01  0.7075015E+03
   39    1  0.3900000E+00  0.5731439E-01  0.7261199E+03
   40    1  0.4000000E+00  0.5939410E-01  0.7447384E+03
   41    1  0.4100000E+00  0.6147391E-01  0.7633569E+03
   42    1  0.4200000E+00  0.6355379E-01  0.7819753E+03
   43    1  0.4300000E+00  0.6563376E-01  0.8005938E+03
   44    1  0.4400000E+00  0.6771379E-01  0.8192122E+03
   45    1  0.4500000E+00  0.6979389E-01  0.8378307E+03
   46    1  0.4600000E+00  0.7187405E-01  0.8564492E+03
   47    1  0.4700000E+00  0.7395426E-01  0.8750676E+03
   48    1  0.4800000E+00  0.7603452E-01  0.8936861E+03
   49    1  0.4900000E+00  0.7811482E-01  0.9123045E+03
   50    1  0.5000000E+00  0.8019517E-01  0.9309230E+03
   51    1  0.5100000E+00  0.8227555E-01  0.9495415E+03
   52    1  0.5200000E+00  0.8435597E-01  0.9681599E+03
   53    1  0.5300000E+00  0.8643642E-01  0.9867784E+03
   54    1  0.5400000E+00  0.8851690E-01  0.1005397E+04
   55    1  0.5500000E+00  0.9059741E-01  0.1024015E+04
   56    1  0.5600000E+00  0.9267795E-01  0.1042634E+04
   57    1  0.5700000E+00  0.9475851E-01  0.1061252E+04
   58    1  0.5800000E+00  0.9683909E-01  0.1079871E+04
   59    1  0.5900000E+00  0.9891970E-01  0.1098489E+04
   60    1  0.6000000E+00  0.1010003E+00  0.1117108E+04
   61    1  0.6100000E+00  0.1030810E+00  0.1135726E+04
   62    1  0.6200000E+00  0.1051616E+00  0.1154345E+04
   63    1  0.6300000E+00  0.1072423E+00  0.1172963E+04
   64    1  0.6400000E+00  0.1093230E+00  0.1191581E+04
   65    1  0.6500000E+00  0.1114037E+00  0.1210200E+04
   66    1  0.6600000E+00  0.1134845E+00  0.1228818E+04
   67    1  0.6700000E+00  0.1155652E+00  0.1247437E+04
   68    1  0.6800000E+00  0.1176459E+00  0.1266055E+04
   69    1  0.6900000E+00  0.1197267E+00  0.1284674E+04
   70    1  0.7000000E+00  0.1218075E+00  0.1303292E+04
   71    1  0.7100000E+00  0.1238883E+00  0.1321911E+04
   72    1  0.7200000E+00  0.1259691E+00  0.1340529E+04
   73    1  0.7300000E+00  0.1280499E+00  0.1359148E+04
   74    1  0.7400000E+00  0.1301307E+00  0.1377766E+04
   75    1  0.7500000E+00  0.1322115E+00  0.1396385E+04
   76    1  0.7600000E+00  0.1342923E+00  0.1415003E+04
   77    1  0.7700000E+00  0.1363732E+00  0.1433621E+04
   78    1  0.7800000E+00  0.1384540E+00  0.1452240E+04
   79    1  0.7900000E+00  0.1405349E+00  0.1470858E+04
   80    1  0.8000000E+00  0.1426158E+00  0.1489477E+04
   81    1  0.8100000E+00  0.1446966E+00  0.1508095E+04
   82    1  0.8200000E+00  0.1467775E+00  0.1526714E+04
   83    1  0.8300000E+00  0.1488584E+00  0.1545332E+04
   84    1  0.8400000E+00  0.1509393E+00  0.1563951E+04
   85    1  0.8500000E+00  0.1530202E+00  0.1582569E+04
   86    1  0.8600000E+00  0.1551011E+00  0.1601188E+04
   87    1  0.8700000E+00  0.1571820E+00  0.1619806E+04
   88    1  0.8800000E+00  0.1592629E+00  0.1638424E+04
   89    1  0.8900000E+00  0.1613438E+00  0.1657043E+04
   90    1  0.9000000E+00  0.1634247E+00  0.1675661E+04
   91    1  0.9100000E+00  0.1655057E+00  0.1694280E+04
   92    1  0.9200000E+00  0.1675866E+00  0.1712898E+04
   93    1  0.9300000E+00  0.1696675E+00  0.1731517E+04
   94    1  0.9400000E+00  0.1717485E+00  0.1750135E+04
   95    1  0.9500000E+00  0.1738294E+00  0.1768754E+04
   96    1  0.9600000E+00  0.1759103E+00  0.1787372E+04
   97    1  0.9700000E+00  0.1779913E+00  0.1805991E+04
   98    1  0.9800000E+00  0.1800723E+00  0.1824609E+04
   99    1  0.9900000E+00  0.1821532E+00  0.1843228E+04
  100    1  0.1000000E+01  0.1842342E+00  0.1861846E+04
