/TITLE/
 PLSTss ver. 2.3
/LASTD/
/NODAL/
    1    1    1
       8
       1  0.00000E+00  0.00000E+00  0.55855E-04  0.00000E+00  0.00000E+00  0.00000E+00
       2  0.55855E-04  0.00000E+00  0.55855E-04  0.00000E+00  0.00000E+00  0.00000E+00
       3  0.55855E-04 -0.18618E-03  0.55855E-04  0.00000E+00  0.00000E+00  0.00000E+00
       4  0.00000E+00 -0.18618E-03  0.55855E-04  0.00000E+00  0.00000E+00  0.00000E+00
       5  0.55855E-04  0.00000E+00  0.00000E+00  0.00000E+00  0.00000E+00  0.00000E+00
       6  0.00000E+00  0.00000E+00  0.00000E+00  0.00000E+00  0.00000E+00  0.00000E+00
       7  0.00000E+00 -0.18618E-03  0.00000E+00  0.00000E+00  0.00000E+00  0.00000E+00
       8  0.55855E-04 -0.18618E-03  0.00000E+00  0.00000E+00  0.00000E+00  0.00000E+00
/ELMTL/
    1    1    1
       1
       1 -0.44409E-15 -0.37237E+02 -0.28866E-14  0.29320E-15  0.80224E-15 -0.13846E-14
          0.55855E-04 -0.18618E-03  0.55855E-04  0.19058E-20  0.52145E-20 -0.89997E-20
          0.37237E+02  0.00000E+00  0.34665E-02  0.00000E+00  0.34665E-02  0.00000E+00
/NODAL/
    2    1    1
       8
       1  0.00000E+00  0.00000E+00  0.11171E-03  0.00000E+00  0.00000E+00  0.00000E+00
       2  0.11171E-03  0.00000E+00  0.11171E-03  0.00000E+00  0.00000E+00  0.00000E+00
       3  0.11171E-03 -0.37237E-03  0.11171E-03  0.00000E+00  0.00000E+00  0.00000E+00
       4  0.00000E+00 -0.37237E-03  0.11171E-03  0.00000E+00  0.00000E+00  0.00000E+00
       5  0.11171E-03  0.00000E+00  0.00000E+00  0.00000E+00  0.00000E+00  0.00000E+00
       6  0.00000E+00  0.00000E+00  0.00000E+00  0.00000E+00  0.00000E+00  0.00000E+00
       7  0.00000E+00 -0.37237E-03  0.00000E+00  0.00000E+00  0.00000E+00  0.00000E+00
       8  0.11171E-03 -0.37237E-03  0.00000E+00  0.00000E+00  0.00000E+00  0.00000E+00
/ELMTL/
    2    1    1
       1
       1 -0.88818E-15 -0.74474E+02 -0.57732E-14  0.58641E-15  0.16045E-14 -0.27691E-14
          0.11171E-03 -0.37237E-03  0.11171E-03  0.38116E-20  0.10429E-19 -0.17999E-19
          0.74474E+02  0.00000E+00  0.13866E-01  0.00000E+00  0.13866E-01  0.00000E+00
/NODAL/
    3    1    1
       8
       1  0.00000E+00  0.00000E+00  0.16757E-03  0.00000E+00  0.00000E+00  0.00000E+00
       2  0.16757E-03  0.00000E+00  0.16757E-03  0.00000E+00  0.00000E+00  0.00000E+00
       3  0.16757E-03 -0.55855E-03  0.16757E-03  0.00000E+00  0.00000E+00  0.00000E+00
       4  0.00000E+00 -0.55855E-03  0.16757E-03  0.00000E+00  0.00000E+00  0.00000E+00
       5  0.16757E-03  0.00000E+00  0.00000E+00  0.00000E+00  0.00000E+00  0.00000E+00
       6  0.00000E+00  0.00000E+00  0.00000E+00  0.00000E+00  0.00000E+00  0.00000E+00
       7  0.00000E+00 -0.55855E-03  0.00000E+00  0.00000E+00  0.00000E+00  0.00000E+00
       8  0.16757E-03 -0.55855E-03  0.00000E+00  0.00000E+00  0.00000E+00  0.00000E+00
/ELMTL/
    3    1    1
       1
       1 -0.35527E-14 -0.11171E+03 -0.12434E-13  0.14334E-14  0.24759E-14 -0.72486E-14
          0.16757E-03 -0.55855E-03  0.16757E-03  0.93174E-20  0.16094E-19 -0.47116E-19
          0.11171E+03  0.00000E+00  0.31198E-01  0.00000E+00  0.31198E-01  0.00000E+00
/NODAL/
    4    1    1
       8
       1  0.00000E+00  0.00000E+00  0.22342E-03  0.00000E+00  0.00000E+00  0.00000E+00
       2  0.22342E-03  0.00000E+00  0.22342E-03  0.00000E+00  0.00000E+00  0.00000E+00
       3  0.22342E-03 -0.74474E-03  0.22342E-03  0.00000E+00  0.00000E+00  0.00000E+00
       4  0.00000E+00 -0.74474E-03  0.22342E-03  0.00000E+00  0.00000E+00  0.00000E+00
       5  0.22342E-03  0.00000E+00  0.00000E+00  0.00000E+00  0.00000E+00  0.00000E+00
       6  0.00000E+00  0.00000E+00  0.00000E+00  0.00000E+00  0.00000E+00  0.00000E+00
       7  0.00000E+00 -0.74474E-03  0.00000E+00  0.00000E+00  0.00000E+00  0.00000E+00
       8  0.22342E-03 -0.74474E-03  0.00000E+00  0.00000E+00  0.00000E+00  0.00000E+00
/ELMTL/
    4    1    1
       1
       1 -0.17764E-14 -0.14895E+03 -0.11546E-13  0.11728E-14  0.32090E-14 -0.55383E-14
          0.22342E-03 -0.74474E-03  0.22342E-03  0.76233E-20  0.20858E-19 -0.35999E-19
          0.14895E+03  0.00000E+00  0.55464E-01  0.00000E+00  0.55464E-01  0.00000E+00
/NODAL/
    5    1    1
       8
       1  0.00000E+00  0.00000E+00  0.27928E-03  0.00000E+00  0.00000E+00  0.00000E+00
       2  0.27928E-03  0.00000E+00  0.27928E-03  0.00000E+00  0.00000E+00  0.00000E+00
       3  0.27928E-03 -0.93092E-03  0.27928E-03  0.00000E+00  0.00000E+00  0.00000E+00
       4  0.00000E+00 -0.93092E-03  0.27928E-03  0.00000E+00  0.00000E+00  0.00000E+00
       5  0.27928E-03  0.00000E+00  0.00000E+00  0.00000E+00  0.00000E+00  0.00000E+00
       6  0.00000E+00  0.00000E+00  0.00000E+00  0.00000E+00  0.00000E+00  0.00000E+00
       7  0.00000E+00 -0.93092E-03  0.00000E+00  0.00000E+00  0.00000E+00  0.00000E+00
       8  0.27928E-03 -0.93092E-03  0.00000E+00  0.00000E+00  0.00000E+00  0.00000E+00
/ELMTL/
    5    1    1
       1
       1  0.11546E-13 -0.18618E+03 -0.44409E-14 -0.26063E-15  0.26225E-14 -0.35510E-14
          0.27928E-03 -0.93092E-03  0.27928E-03 -0.16941E-20  0.17047E-19 -0.23082E-19
          0.18618E+03  0.00000E+00  0.86662E-01  0.00000E+00  0.86662E-01  0.00000E+00
/NODAL/
    6    1    1
       8
       1  0.00000E+00  0.00000E+00  0.33513E-03  0.00000E+00  0.00000E+00  0.00000E+00
       2  0.33513E-03  0.00000E+00  0.33513E-03  0.00000E+00  0.00000E+00  0.00000E+00
       3  0.33513E-03 -0.11171E-02  0.33513E-03  0.00000E+00  0.00000E+00  0.00000E+00
       4  0.00000E+00 -0.11171E-02  0.33513E-03  0.00000E+00  0.00000E+00  0.00000E+00
       5  0.33513E-03  0.00000E+00  0.00000E+00  0.00000E+00  0.00000E+00  0.00000E+00
       6  0.00000E+00  0.00000E+00  0.00000E+00  0.00000E+00  0.00000E+00  0.00000E+00
       7  0.00000E+00 -0.11171E-02  0.00000E+00  0.00000E+00  0.00000E+00  0.00000E+00
       8  0.33513E-03 -0.11171E-02  0.00000E+00  0.00000E+00  0.00000E+00  0.00000E+00
/ELMTL/
    6    1    1
       1
       1  0.17764E-14 -0.22342E+03 -0.14211E-13  0.15638E-14  0.20361E-14 -0.41700E-14
          0.33513E-03 -0.11171E-02  0.33513E-03  0.10164E-19  0.13235E-19 -0.27105E-19
          0.22342E+03  0.00000E+00  0.12479E+00  0.00000E+00  0.12479E+00  0.00000E+00
/NODAL/
    7    1    1
       8
       1  0.00000E+00  0.00000E+00  0.39099E-03  0.00000E+00  0.00000E+00  0.00000E+00
       2  0.39099E-03  0.00000E+00  0.39099E-03  0.00000E+00  0.00000E+00  0.00000E+00
       3  0.39099E-03 -0.13033E-02  0.39099E-03  0.00000E+00  0.00000E+00  0.00000E+00
       4  0.00000E+00 -0.13033E-02  0.39099E-03  0.00000E+00  0.00000E+00  0.00000E+00
       5  0.39099E-03  0.00000E+00  0.00000E+00  0.00000E+00  0.00000E+00  0.00000E+00
       6  0.00000E+00  0.00000E+00  0.00000E+00  0.00000E+00  0.00000E+00  0.00000E+00
       7  0.00000E+00 -0.13033E-02  0.00000E+00  0.00000E+00  0.00000E+00  0.00000E+00
       8  0.39099E-03 -0.13033E-02  0.00000E+00  0.00000E+00  0.00000E+00  0.00000E+00
/ELMTL/
    7    1    1
       1
       1  0.12434E-13 -0.26066E+03 -0.10658E-13  0.10425E-14  0.30298E-14  0.65156E-16
          0.39099E-03 -0.13033E-02  0.39099E-03  0.67763E-20  0.19694E-19  0.42352E-21
          0.26066E+03  0.00000E+00  0.16986E+00  0.00000E+00  0.16986E+00  0.00000E+00
/NODAL/
    8    1    1
       8
       1  0.00000E+00  0.00000E+00  0.44684E-03  0.00000E+00  0.00000E+00  0.00000E+00
       2  0.44684E-03  0.00000E+00  0.44684E-03  0.00000E+00  0.00000E+00  0.00000E+00
       3  0.44684E-03 -0.14895E-02  0.44684E-03  0.00000E+00  0.00000E+00  0.00000E+00
       4  0.00000E+00 -0.14895E-02  0.44684E-03  0.00000E+00  0.00000E+00  0.00000E+00
       5  0.44684E-03  0.00000E+00  0.00000E+00  0.00000E+00  0.00000E+00  0.00000E+00
       6  0.00000E+00  0.00000E+00  0.00000E+00  0.00000E+00  0.00000E+00  0.00000E+00
       7  0.00000E+00 -0.14895E-02  0.00000E+00  0.00000E+00  0.00000E+00  0.00000E+00
       8  0.44684E-03 -0.14895E-02  0.00000E+00  0.00000E+00  0.00000E+00  0.00000E+00
/ELMTL/
    8    1    1
       1
       1  0.17764E-14 -0.29790E+03 -0.24869E-13  0.31275E-14  0.31275E-14  0.26063E-14
          0.44684E-03 -0.14895E-02  0.44684E-03  0.20329E-19  0.20329E-19  0.16941E-19
          0.29790E+03  0.00000E+00  0.22185E+00  0.00000E+00  0.22185E+00  0.00000E+00
/NODAL/
    9    1    1
       8
       1  0.00000E+00  0.00000E+00  0.50270E-03  0.00000E+00  0.00000E+00  0.00000E+00
       2  0.50270E-03  0.00000E+00  0.50270E-03  0.00000E+00  0.00000E+00  0.00000E+00
       3  0.50270E-03 -0.16757E-02  0.50270E-03  0.00000E+00  0.00000E+00  0.00000E+00
       4  0.00000E+00 -0.16757E-02  0.50270E-03  0.00000E+00  0.00000E+00  0.00000E+00
       5  0.50270E-03  0.00000E+00  0.00000E+00  0.00000E+00  0.00000E+00  0.00000E+00
       6  0.00000E+00  0.00000E+00  0.00000E+00  0.00000E+00  0.00000E+00  0.00000E+00
       7  0.00000E+00 -0.16757E-02  0.00000E+00  0.00000E+00  0.00000E+00  0.00000E+00
       8  0.50270E-03 -0.16757E-02  0.00000E+00  0.00000E+00  0.00000E+00  0.00000E+00
/ELMTL/
    9    1    1
       1
       1 -0.21694E-29 -0.33513E+03 -0.31974E-13  0.44306E-14  0.37465E-14  0.16941E-14
          0.50270E-03 -0.16757E-02  0.50270E-03  0.28799E-19  0.24352E-19  0.11011E-19
          0.33513E+03  0.00000E+00  0.28078E+00  0.00000E+00  0.28078E+00  0.00000E+00
/NODAL/
   10    1    1
       8
       1  0.00000E+00  0.00000E+00  0.55855E-03  0.00000E+00  0.00000E+00  0.00000E+00
       2  0.55855E-03  0.00000E+00  0.55855E-03  0.00000E+00  0.00000E+00  0.00000E+00
       3  0.55855E-03 -0.18618E-02  0.55855E-03  0.00000E+00  0.00000E+00  0.00000E+00
       4  0.00000E+00 -0.18618E-02  0.55855E-03  0.00000E+00  0.00000E+00  0.00000E+00
       5  0.55855E-03  0.00000E+00  0.00000E+00  0.00000E+00  0.00000E+00  0.00000E+00
       6  0.00000E+00  0.00000E+00  0.00000E+00  0.00000E+00  0.00000E+00  0.00000E+00
       7  0.00000E+00 -0.18618E-02  0.00000E+00  0.00000E+00  0.00000E+00  0.00000E+00
       8  0.55855E-03 -0.18618E-02  0.00000E+00  0.00000E+00  0.00000E+00  0.00000E+00
/ELMTL/
   10    1    1
       1
       1  0.40856E-13 -0.37237E+03 -0.10658E-13  0.10425E-14  0.68088E-14 -0.28669E-14
          0.55855E-03 -0.18618E-02  0.55855E-03  0.67763E-20  0.44257E-19 -0.18635E-19
          0.37237E+03  0.00000E+00  0.34665E+00  0.00000E+00  0.34665E+00  0.00000E+00
/NODAL/
   11    1    1
       8
       1  0.00000E+00  0.00000E+00  0.61441E-03  0.00000E+00  0.00000E+00  0.00000E+00
       2  0.61441E-03  0.00000E+00  0.61441E-03  0.00000E+00  0.00000E+00  0.00000E+00
       3  0.61441E-03 -0.20480E-02  0.61441E-03  0.00000E+00  0.00000E+00  0.00000E+00
       4  0.00000E+00 -0.20480E-02  0.61441E-03  0.00000E+00  0.00000E+00  0.00000E+00
       5  0.61441E-03  0.00000E+00  0.00000E+00  0.00000E+00  0.00000E+00  0.00000E+00
       6  0.00000E+00  0.00000E+00  0.00000E+00  0.00000E+00  0.00000E+00  0.00000E+00
       7  0.00000E+00 -0.20480E-02  0.00000E+00  0.00000E+00  0.00000E+00  0.00000E+00
       8  0.61441E-03 -0.20480E-02  0.00000E+00  0.00000E+00  0.00000E+00  0.00000E+00
/ELMTL/
   11    1    1
       1
       1  0.21316E-13 -0.40961E+03 -0.17764E-13  0.91219E-14  0.77862E-14 -0.11402E-13
          0.61441E-03 -0.20480E-02  0.61441E-03  0.59292E-19  0.50610E-19 -0.74115E-19
          0.40961E+03  0.00000E+00  0.41944E+00  0.00000E+00  0.41944E+00  0.00000E+00
/NODAL/
   12    1    1
       8
       1  0.00000E+00  0.00000E+00  0.67026E-03  0.00000E+00  0.00000E+00  0.00000E+00
       2  0.67026E-03  0.00000E+00  0.67026E-03  0.00000E+00  0.00000E+00  0.00000E+00
       3  0.67026E-03 -0.22342E-02  0.67026E-03  0.00000E+00  0.00000E+00  0.00000E+00
       4  0.00000E+00 -0.22342E-02  0.67026E-03  0.00000E+00  0.00000E+00  0.00000E+00
       5  0.67026E-03  0.00000E+00  0.00000E+00  0.00000E+00  0.00000E+00  0.00000E+00
       6  0.00000E+00  0.00000E+00  0.00000E+00  0.00000E+00  0.00000E+00  0.00000E+00
       7  0.00000E+00 -0.22342E-02  0.00000E+00  0.00000E+00  0.00000E+00  0.00000E+00
       8  0.67026E-03 -0.22342E-02  0.00000E+00  0.00000E+00  0.00000E+00  0.00000E+00
/ELMTL/
   12    1    1
       1
       1  0.14211E-13 -0.44684E+03 -0.24869E-13  0.62550E-14  0.10686E-13 -0.20198E-14
          0.67026E-03 -0.22342E-02  0.67026E-03  0.40658E-19  0.69457E-19 -0.13129E-19
          0.44684E+03  0.00000E+00  0.49917E+00  0.00000E+00  0.49917E+00  0.00000E+00
