% for 3D Problem... 1: xx, 2: yy, 3: zz 4: yz, 5: zx, 6: xy
%Step       1-1(strn)       1-2(strn)       1-3(strn)       1-1(strs)       1-2(strs)       1-3(strs)  
    1  0.30000000E-04 -0.12705494E-20 -0.21572870E-20 -0.12212453E-14 -0.19546914E-15 -0.33189031E-15  
    2  0.60000000E-04 -0.25410988E-20 -0.43145741E-20 -0.24424907E-14 -0.39093828E-15 -0.66378063E-15  
    3  0.90000000E-04 -0.28587362E-20 -0.72527196E-20 -0.88817842E-14 -0.43980557E-15 -0.11158030E-14  
    4  0.12000000E-03 -0.50821977E-20 -0.86291482E-20 -0.48849813E-14 -0.78187657E-15 -0.13275613E-14  
    5  0.15000000E-03 -0.13976044E-19 -0.94761811E-20 -0.12434498E-13 -0.21501606E-14 -0.14578740E-14  
    6  0.18000000E-03 -0.12917252E-19 -0.12811373E-19 -0.22204460E-13 -0.19872696E-14 -0.19709805E-14  
    7  0.21000000E-03 -0.18846483E-19 -0.13658406E-19 -0.26645353E-13 -0.28994589E-14 -0.21012933E-14  
    8  0.24000000E-03 -0.13764285E-19 -0.94232415E-20 -0.18651747E-13 -0.21175824E-14 -0.14497295E-14  
    9  0.27000000E-03 -0.19905274E-19 -0.11752582E-19 -0.34638958E-13 -0.30623499E-14 -0.18080896E-14  
   10  0.30000000E-03 -0.26893296E-19 -0.39175274E-20 -0.53290705E-13 -0.41374302E-14 -0.60269652E-15  
   11  0.34904581E-03  0.88938459E-20  0.17173405E-13 -0.69470012E-08  0.12334018E-14  0.23816140E-08  
   12  0.39809161E-03  0.11434945E-19  0.18467105E-13 -0.98440580E-08  0.14648989E-14  0.23273351E-08  
   13  0.44713742E-03  0.12705494E-19  0.19725500E-13 -0.12741054E-07  0.14980821E-14  0.22745358E-08  
   14  0.49618322E-03  0.13976044E-19  0.20949708E-13 -0.15638049E-07  0.15287214E-14  0.22231691E-08  
   15  0.54522903E-03  0.13129011E-19  0.22140854E-13 -0.18534978E-07  0.12628772E-14  0.21731959E-08  
   16  0.59427483E-03  0.25410988E-19  0.23299944E-13 -0.21431903E-07  0.28481661E-14  0.21245673E-08  
   17  0.64332064E-03 -0.80468130E-20  0.72915381E-14 -0.28421709E-13 -0.20782143E-14 -0.30575398E-09  
   18  0.69236644E-03  0.97408789E-20  0.71299405E-14 -0.28969289E-08  0.59534262E-15 -0.29897196E-09  
   19  0.74141225E-03 -0.38116483E-20  0.69726283E-14 -0.57937335E-08 -0.13476761E-14 -0.29237088E-09  
   20  0.79045805E-03 -0.29646153E-19  0.68194322E-14 -0.86905185E-08 -0.48170248E-14 -0.28595018E-09  
   21  0.83950386E-03 -0.22869890E-19  0.66703247E-14 -0.11587291E-07 -0.34177115E-14 -0.27968998E-09  
   22  0.88854966E-03 -0.36845933E-19  0.65250976E-14 -0.14484030E-07 -0.50436844E-14 -0.27359774E-09  
   23  0.93759547E-03 -0.52092526E-19  0.63836558E-14 -0.17380698E-07 -0.66964789E-14 -0.26766473E-09  
   24  0.98664127E-03 -0.55904175E-19  0.62459384E-14 -0.20277373E-07 -0.66027986E-14 -0.26187855E-09  
   25  0.10356871E-02 -0.13552527E-19  0.61114956E-14  0.17763568E-13 -0.79054257E-16 -0.25628251E-09  
   26  0.10847329E-02 -0.32187252E-19  0.59807052E-14 -0.28965825E-08 -0.26730517E-14 -0.25080066E-09  
   27  0.11337787E-02 -0.13552527E-19  0.58533191E-14 -0.57931775E-08  0.17594647E-15 -0.24545173E-09  
   28  0.11828245E-02 -0.28799120E-19  0.57291746E-14 -0.86897352E-08 -0.19703083E-14 -0.24024097E-09  
   29  0.12318703E-02 -0.16940659E-20  0.56081412E-14 -0.11586222E-07  0.19983701E-14 -0.23516891E-09  
   30  0.12809161E-02 -0.38963516E-19  0.54901991E-14 -0.14482746E-07 -0.33948589E-14 -0.23022080E-09  
   31  0.13299619E-02 -0.27105054E-19  0.53751783E-14 -0.17379250E-07 -0.14278738E-14 -0.22540442E-09  
   32  0.13790077E-02 -0.27952087E-19  0.52631197E-14 -0.20275690E-07 -0.14172521E-14 -0.22069758E-09  
   33  0.14280535E-02 -0.71150768E-19  0.51537982E-14  0.33750780E-13 -0.73367572E-14 -0.21611750E-09  
   34  0.14770993E-02 -0.26258021E-19  0.50472245E-14 -0.28962859E-08 -0.39157519E-15 -0.21164702E-09  
   35  0.15261451E-02 -0.46586812E-19  0.49432394E-14 -0.57926250E-08 -0.32044948E-14 -0.20729454E-09  
   36  0.15751909E-02  0.00000000E+00  0.48418716E-14 -0.86890619E-08  0.36098324E-14 -0.20304152E-09  
   37  0.16242367E-02  0.67762636E-20  0.47430093E-14 -0.11585252E-07  0.42396449E-14 -0.19889094E-09  
   38  0.16732826E-02 -0.27105054E-19  0.46466440E-14 -0.14481673E-07 -0.88689772E-15 -0.19483120E-09  
   39  0.17223284E-02 -0.42351647E-19  0.45525149E-14 -0.17377936E-07 -0.29479751E-14 -0.19088727E-09  
   40  0.17713742E-02 -0.11858461E-19  0.44606390E-14 -0.20274168E-07  0.15904111E-14 -0.18704311E-09  
   41  0.18204200E-02 -0.56751207E-19  0.43710043E-14 -0.17763568E-14 -0.48517450E-14 -0.18328829E-09  
   42  0.18694658E-02 -0.60986372E-19  0.42834973E-14 -0.28963481E-08 -0.50243565E-14 -0.17962769E-09  
   43  0.19185116E-02 -0.38116483E-19  0.41982333E-14 -0.57924474E-08 -0.13753460E-14 -0.17603379E-09  
   44  0.19675574E-02 -0.68609669E-19  0.41149225E-14 -0.86886587E-08 -0.55425898E-14 -0.17253845E-09  
   45  0.20166032E-02 -0.33881318E-19  0.40335480E-14 -0.11584786E-07 -0.18257578E-15 -0.16913259E-09  
   46  0.20656490E-02 -0.35575384E-19  0.39540421E-14 -0.14480859E-07 -0.40520389E-15 -0.16581518E-09  
   47  0.21146948E-02 -0.44892746E-19  0.38764082E-14 -0.17376866E-07 -0.16815946E-14 -0.16257541E-09  
   48  0.21637406E-02 -0.53363076E-19  0.38006258E-14 -0.20273024E-07 -0.27307211E-14 -0.15940683E-09  
   49  0.22127864E-02 -0.36422417E-19  0.37266638E-14 -0.23169081E-07 -0.11391281E-15 -0.15630519E-09  
   50  0.22618322E-02 -0.35575384E-19  0.36546753E-14  0.95923269E-13  0.15014546E-16 -0.15324070E-09  
   51  0.23108780E-02 -0.16940659E-19  0.35841462E-14 -0.28959164E-08  0.26393337E-14 -0.15028019E-09  
   52  0.23599238E-02 -0.13552527E-19  0.35151842E-14 -0.57918026E-08  0.28955352E-14 -0.14739737E-09  
   53  0.24089696E-02 -0.15246593E-19  0.34478942E-14 -0.86877865E-08  0.24147454E-14 -0.14456864E-09  
   54  0.24580154E-02  0.67762636E-20  0.33821323E-14 -0.11583694E-07  0.53197608E-14 -0.14180755E-09  
   55  0.25070612E-02  0.50821977E-20  0.33178713E-14 -0.14479626E-07  0.46394560E-14 -0.13911013E-09  
   56  0.25561071E-02  0.13552527E-19  0.32551654E-14 -0.17375431E-07  0.54513874E-14 -0.13646136E-09  
   57  0.26051529E-02 -0.22022857E-19  0.31937928E-14 -0.20271290E-07 -0.19957355E-16 -0.13388650E-09  
   58  0.26541987E-02 -0.15246593E-19  0.31338720E-14 -0.23166997E-07  0.93862659E-15 -0.13136074E-09  
   59  0.27032445E-02  0.50821977E-20  0.30750032E-14  0.28421709E-13  0.37336186E-14 -0.12893462E-09  
   60  0.27522903E-02 -0.16940659E-20  0.30175701E-14 -0.28958524E-08  0.24718249E-14 -0.12654395E-09  
   61  0.28013361E-02  0.20328791E-19  0.29615236E-14 -0.57914811E-08  0.53841288E-14 -0.12419098E-09  
   62  0.28503819E-02  0.15246593E-19  0.29066579E-14 -0.86871825E-08  0.42298627E-14 -0.12190000E-09  
   63  0.28994277E-02 -0.33881318E-20  0.28530865E-14 -0.11582884E-07  0.12530829E-14 -0.11964825E-09  
   64  0.29484735E-02 -0.20328791E-19  0.28006162E-14 -0.14478406E-07 -0.12444449E-14 -0.11745825E-09  
   65  0.29975193E-02 -0.30092655E-35  0.27494571E-14 -0.17374024E-07  0.17322833E-14 -0.11529371E-09  
   66  0.30465651E-02 -0.15246593E-19  0.26994245E-14 -0.20269736E-07 -0.56440544E-15 -0.11317717E-09  
   67  0.30956109E-02 -0.66068570E-19  0.26503102E-14 -0.23165152E-07 -0.77165600E-14 -0.11113279E-09  
   68  0.31446567E-02  0.13552527E-19  0.26023037E-14 -0.74606987E-13  0.41736384E-14 -0.10912650E-09  
   69  0.31937025E-02 -0.13552527E-19  0.25554171E-14 -0.28955967E-08  0.33433983E-17 -0.10715219E-09  
   70  0.32427483E-02  0.23716923E-19  0.25095892E-14 -0.57909162E-08  0.52855800E-14 -0.10521459E-09  
   71  0.32917941E-02  0.59292306E-19  0.24646202E-14 -0.86863174E-08  0.99148610E-14 -0.10333781E-09  
   72  0.33408400E-02  0.86397361E-19  0.24205406E-14 -0.11581800E-07  0.12983879E-13 -0.10151144E-09  
   73  0.33898858E-02  0.10672615E-18  0.23776333E-14 -0.14477125E-07  0.14856245E-13 -0.99690172E-10  
   74  0.34389316E-02  0.10503209E-18  0.23354816E-14 -0.17372527E-07  0.13462397E-13 -0.97931488E-10  
   75  0.34879774E-02  0.96561756E-19  0.22942853E-14 -0.20267896E-07  0.11218379E-13 -0.96200970E-10  
   76  0.35370232E-02  0.72844833E-19  0.22540004E-14 -0.23163107E-07  0.69858430E-14 -0.94501527E-10  
   77  0.35860690E-02  0.91479558E-19  0.22145388E-14 -0.26058322E-07  0.90954047E-14 -0.92842138E-10  
   78  0.36351148E-02  0.30493186E-19  0.21758735E-14 -0.90594199E-13 -0.26511881E-15 -0.91222475E-10  
   79  0.36841606E-02  0.22022857E-19  0.21379501E-14 -0.28952201E-08 -0.14485041E-14 -0.89646134E-10  
   80  0.37332064E-02  0.44045713E-19  0.21008619E-14 -0.57904099E-08  0.17920182E-14 -0.88095533E-10  
   81  0.37822522E-02  0.69456702E-19  0.20646479E-14 -0.86853422E-08  0.52689422E-14 -0.86562163E-10  
   82  0.38312980E-02  0.12705494E-18  0.20291301E-14 -0.11580315E-07  0.13061933E-13 -0.85069024E-10  
   83  0.38803438E-02  0.12197274E-18  0.19942357E-14 -0.14475338E-07  0.11354693E-13 -0.83622481E-10  
   84  0.39293896E-02  0.91479558E-19  0.19603002E-14 -0.17370223E-07  0.61629483E-14 -0.82170378E-10  
   85  0.39784354E-02  0.13383121E-18  0.19267238E-14 -0.20265192E-07  0.11729403E-13 -0.80797562E-10  
   86  0.40274812E-02  0.10333802E-18  0.18941334E-14 -0.23160080E-07  0.65129398E-14 -0.79408008E-10  
   87  0.40765270E-02  0.13213714E-18  0.18621223E-14 -0.26054801E-07  0.10129574E-13 -0.78059989E-10  
   88  0.41255729E-02  0.28799120E-19  0.18307482E-14 -0.58619776E-13 -0.53408881E-14 -0.76741379E-10  
   89  0.41746187E-02  0.18634725E-19  0.17998146E-14 -0.28948772E-08 -0.63943597E-14 -0.75477184E-10  
   90  0.42236645E-02  0.71150768E-19  0.17697212E-14 -0.57898042E-08  0.15608990E-14 -0.74205639E-10  
   91  0.42727103E-02 -0.71150768E-19  0.17400920E-14 -0.86842764E-08 -0.18838634E-13 -0.72980116E-10  
   92  0.43217561E-02 -0.71150768E-19  0.17116418E-14 -0.11579056E-07 -0.17459656E-13 -0.71694566E-10  
   93  0.43708019E-02  0.45739779E-19  0.16831273E-14 -0.14473740E-07  0.48530585E-15 -0.70529941E-10  
   94  0.44198477E-02  0.30493186E-19  0.16555174E-14 -0.17368231E-07 -0.17250093E-14 -0.69338509E-10  
   95  0.44688935E-02  0.99949888E-19  0.16281820E-14 -0.20262876E-07  0.83109184E-14 -0.68211429E-10  
   96  0.45179393E-02  0.14568967E-18  0.16016190E-14 -0.23157583E-07  0.14238460E-13 -0.67072297E-10  
   97  0.45669851E-02  0.13891340E-18  0.15753237E-14 -0.26051833E-07  0.12245131E-13 -0.65993381E-10  
   98  0.46160309E-02  0.33881318E-20  0.15492453E-14  0.15099033E-12 -0.79868231E-14 -0.64976981E-10  
   99  0.46650767E-02 -0.84703295E-20  0.15241494E-14 -0.28942519E-08 -0.91086574E-14 -0.63908658E-10  
  100  0.47141225E-02 -0.11858461E-19  0.14992686E-14 -0.57890421E-08 -0.89424832E-14 -0.62901138E-10  
