% for 3D Problem... 1: xx, 2: yy, 3: zz 4: yz, 5: zx, 6: xy
%Step       1-1(strn)       1-2(strn)       1-3(strn)       1-1(strs)       1-2(strs)       1-3(strs)  
    1 -0.30000000E-04  0.12705494E-20  0.21572870E-20  0.12212453E-14  0.19546914E-15  0.33189031E-15  
    2 -0.60000000E-04  0.25410988E-20  0.43145741E-20  0.24424907E-14  0.39093828E-15  0.66378063E-15  
    3 -0.90000000E-04  0.28587362E-20  0.72527196E-20  0.88817842E-14  0.43980557E-15  0.11158030E-14  
    4 -0.12000000E-03  0.50821977E-20  0.86291482E-20  0.48849813E-14  0.78187657E-15  0.13275613E-14  
    5 -0.15000000E-03  0.13976044E-19  0.94761811E-20  0.12434498E-13  0.21501606E-14  0.14578740E-14  
    6 -0.18000000E-03  0.12917252E-19  0.12811373E-19  0.22204460E-13  0.19872696E-14  0.19709805E-14  
    7 -0.21000000E-03  0.18846483E-19  0.13658406E-19  0.26645353E-13  0.28994589E-14  0.21012933E-14  
    8 -0.24000000E-03  0.13764285E-19  0.94232415E-20  0.18651747E-13  0.21175824E-14  0.14497295E-14  
    9 -0.27000000E-03  0.19905274E-19  0.11752582E-19  0.34638958E-13  0.30623499E-14  0.18080896E-14  
   10 -0.30000000E-03  0.26893296E-19  0.39175274E-20  0.53290705E-13  0.41374302E-14  0.60269652E-15  
   11 -0.34904762E-03 -0.25410988E-20 -0.17184778E-13  0.69515451E-08 -0.35239688E-15 -0.23831667E-08  
   12 -0.39809524E-03 -0.16517142E-19 -0.18479469E-13  0.69515647E-08 -0.22560027E-14 -0.23288775E-08  
   13 -0.44714286E-03 -0.11011428E-19 -0.19738541E-13  0.69515487E-08 -0.12712817E-14 -0.22760838E-08  
   14 -0.49619048E-03  0.84703295E-21 -0.20962962E-13  0.69515664E-08  0.49676266E-15 -0.22247425E-08  
   15 -0.54523810E-03  0.18634725E-19 -0.22153657E-13  0.69515860E-08  0.29130010E-14 -0.21748098E-08  
   16 -0.59428571E-03  0.93173624E-20 -0.23311626E-13  0.69515895E-08  0.13334983E-14 -0.21262573E-08  
   17 -0.64333333E-03  0.18634725E-19 -0.24437696E-13  0.69515824E-08  0.24945817E-14 -0.20790363E-08  
   18 -0.69238095E-03  0.16517142E-19 -0.25532802E-13  0.69516073E-08  0.19565750E-14 -0.20331183E-08  
   19 -0.74142857E-03  0.27952087E-19 -0.26597730E-13  0.69515771E-08  0.33519654E-14 -0.19884582E-08  
   20 -0.79047619E-03  0.30092655E-35 -0.27633363E-13  0.69515398E-08 -0.85080879E-15 -0.19450291E-08  
   21 -0.83952381E-03  0.20328791E-19 -0.28640540E-13  0.69515700E-08  0.20558796E-14 -0.19028015E-08  
   22 -0.88857143E-03  0.15246593E-19 -0.29620010E-13  0.69515220E-08  0.11529811E-14 -0.18617369E-08  
   23 -0.93761905E-03 -0.38116483E-20 -0.30572436E-13  0.69515007E-08 -0.15985692E-14 -0.18217895E-08  
   24 -0.98666667E-03 -0.17787692E-19 -0.31498728E-13  0.69514599E-08 -0.33748300E-14 -0.17829528E-08  
   25 -0.10357143E-02 -0.21175824E-19 -0.32399475E-13  0.69514936E-08 -0.35092517E-14 -0.17451771E-08  
   26 -0.10847619E-02 -0.67762636E-20 -0.33275499E-13  0.69514208E-08 -0.11652956E-14 -0.17084504E-08  
   27 -0.11338095E-02  0.93173624E-20 -0.34127403E-13  0.69514474E-08  0.11819588E-14 -0.16727322E-08  
   28 -0.11828571E-02 -0.42351647E-20 -0.34955836E-13  0.69513568E-08 -0.81294254E-15 -0.16379929E-08  
   29 -0.12319048E-02  0.42351647E-20 -0.35761429E-13  0.69513089E-08  0.44254866E-15 -0.16042040E-08  
   30 -0.12809524E-02  0.11011428E-19 -0.36544913E-13  0.69513124E-08  0.13395371E-14 -0.15713538E-08  
   31 -0.13300000E-02 -0.10164395E-19 -0.37306716E-13  0.69513195E-08 -0.17276498E-14 -0.15393910E-08  
   32 -0.13790476E-02 -0.24563955E-19 -0.38047693E-13  0.69512840E-08 -0.35535416E-14 -0.15083284E-08  
   33 -0.14280952E-02  0.25410988E-19 -0.38768189E-13  0.69512378E-08  0.37262996E-14 -0.14781075E-08  
   34 -0.14771429E-02  0.93173624E-20 -0.39468897E-13  0.69512271E-08  0.11278704E-14 -0.14487244E-08  
   35 -0.15261905E-02 -0.26258021E-19 -0.40150348E-13  0.69511668E-08 -0.39155737E-14 -0.14201538E-08  
   36 -0.15752381E-02  0.31340219E-19 -0.40812972E-13  0.69512094E-08  0.44575830E-14 -0.13923588E-08  
   37 -0.16242857E-02  0.25410988E-20 -0.41457470E-13  0.69510886E-08  0.25847293E-16 -0.13653446E-08  
   38 -0.16733333E-02  0.14399560E-19 -0.42084179E-13  0.69511810E-08  0.16693776E-14 -0.13390657E-08  
   39 -0.17223810E-02  0.10164395E-19 -0.42693499E-13  0.69511650E-08  0.91980295E-15 -0.13134902E-08  
   40 -0.17714286E-02  0.31340219E-19 -0.43286315E-13  0.69511827E-08  0.37685141E-14 -0.12886571E-08  
   41 -0.18204762E-02  0.35575384E-19 -0.43862726E-13  0.69511419E-08  0.39888148E-14 -0.12644930E-08  
   42 -0.18695238E-02  0.42351647E-19 -0.44423217E-13  0.69512964E-08  0.45416360E-14 -0.12409854E-08  
   43 -0.19185714E-02  0.84703295E-20 -0.44968285E-13  0.69512165E-08 -0.59630184E-15 -0.12181253E-08  
   44 -0.19676190E-02  0.13552527E-19 -0.45498472E-13  0.69512911E-08  0.17539404E-15 -0.11959111E-08  
   45 -0.20166667E-02  0.26258021E-19 -0.46013858E-13  0.69512947E-08  0.19282449E-14 -0.11742777E-08  
   46 -0.20657143E-02  0.17787692E-19 -0.46515220E-13  0.69513266E-08  0.57250926E-15 -0.11532634E-08  
   47 -0.21147619E-02 -0.40657581E-19 -0.47002679E-13  0.69513657E-08 -0.75798159E-14 -0.11328121E-08  
   48 -0.21638095E-02 -0.76232965E-20 -0.47476833E-13  0.69514616E-08 -0.22457260E-14 -0.11129396E-08  
   49 -0.22128571E-02  0.35575384E-19 -0.47937859E-13  0.69515700E-08  0.39710038E-14 -0.10936024E-08  
   50 -0.22619048E-02  0.20328791E-19 -0.48386104E-13  0.69516126E-08  0.14715507E-14 -0.10747846E-08  
   51 -0.23109524E-02 -0.23716923E-19 -0.48822096E-13  0.69516535E-08 -0.47746632E-14 -0.10564977E-08  
   52 -0.23600000E-02  0.67762636E-20 -0.49246095E-13  0.69516162E-08 -0.70371250E-16 -0.10387153E-08  
   53 -0.24090476E-02  0.13552527E-19 -0.49658463E-13  0.69516801E-08  0.88104576E-15 -0.10214276E-08  
   54 -0.24580952E-02  0.18634725E-19 -0.50059435E-13  0.69518027E-08  0.15041234E-14 -0.10046089E-08  
   55 -0.25071429E-02  0.67762636E-20 -0.50449541E-13  0.69519039E-08 -0.28286047E-15 -0.98827653E-09  
   56 -0.25561905E-02  0.10164395E-19 -0.50828595E-13  0.69518826E-08  0.22055046E-15 -0.97234795E-09  
   57 -0.26052381E-02 -0.35575384E-19 -0.51197456E-13  0.69519981E-08 -0.61385985E-14 -0.95689332E-09  
   58 -0.26542857E-02 -0.69456702E-19 -0.51556105E-13  0.69518471E-08 -0.10229195E-13 -0.94185460E-09  
   59 -0.27033333E-02 -0.42351647E-19 -0.51904957E-13  0.69519537E-08 -0.54637802E-14 -0.92723986E-09  
   60 -0.27523810E-02 -0.35575384E-19 -0.52244211E-13  0.69521064E-08 -0.39898916E-14 -0.91302666E-09  
   61 -0.28014286E-02 -0.52516043E-19 -0.52574137E-13  0.69521242E-08 -0.59521896E-14 -0.89920474E-09  
   62 -0.28504762E-02 -0.55904175E-19 -0.52894993E-13  0.69522041E-08 -0.58443317E-14 -0.88576355E-09  
   63 -0.28995238E-02 -0.77927031E-19 -0.53206866E-13  0.69522930E-08 -0.83340385E-14 -0.87266995E-09  
   64 -0.29485714E-02 -0.13891340E-18 -0.53510204E-13  0.69522592E-08 -0.15985550E-13 -0.85994453E-09  
   65 -0.29976190E-02 -0.11011428E-18 -0.53805332E-13  0.69522770E-08 -0.10438761E-13 -0.84758893E-09  
   66 -0.30466667E-02 -0.12366681E-18 -0.54092239E-13  0.69524386E-08 -0.11316862E-13 -0.83555807E-09  
   67 -0.30957143E-02 -0.16093626E-18 -0.54370942E-13  0.69523391E-08 -0.15402588E-13 -0.82381549E-09  
   68 -0.31447619E-02 -0.15246593E-18 -0.54642510E-13  0.69525097E-08 -0.12749411E-13 -0.81247461E-09  
   69 -0.31938095E-02 -0.17787692E-18 -0.54906476E-13  0.69526145E-08 -0.15062196E-13 -0.80142437E-09  
   70 -0.32428571E-02 -0.15246593E-18 -0.55162975E-13  0.69525008E-08 -0.10105853E-13 -0.79064865E-09  
   71 -0.32919048E-02 -0.15585406E-18 -0.55412619E-13  0.69525630E-08 -0.96364453E-14 -0.78019937E-09  
   72 -0.33409524E-02 -0.13721934E-18 -0.55655376E-13  0.69526926E-08 -0.61634406E-14 -0.77003373E-09  
   73 -0.33900000E-02 -0.15077186E-18 -0.55891257E-13  0.69525825E-08 -0.74991121E-14 -0.76011993E-09  
   74 -0.34390476E-02 -0.89785492E-19 -0.56120735E-13  0.69527282E-08  0.16306702E-14 -0.75049284E-09  
   75 -0.34880952E-02 -0.19312351E-18 -0.56343927E-13  0.69526784E-08 -0.12926877E-13 -0.74113497E-09  
   76 -0.35371429E-02 -0.14738373E-18 -0.56561138E-13  0.69526589E-08 -0.53810166E-14 -0.73205703E-09  
   77 -0.35861905E-02 -0.14568967E-18 -0.56772105E-13  0.69527477E-08 -0.46894666E-14 -0.72318965E-09  
   78 -0.36352381E-02 -0.24394549E-18 -0.56977397E-13  0.69528561E-08 -0.17928879E-13 -0.71458599E-09  
   79 -0.36842857E-02 -0.17448879E-18 -0.57176962E-13  0.69527584E-08 -0.66128832E-14 -0.70620792E-09  
   80 -0.37333333E-02 -0.21853450E-18 -0.57370912E-13  0.69528578E-08 -0.12155583E-13 -0.69804421E-09  
   81 -0.37823810E-02 -0.15077186E-18 -0.57559824E-13  0.69526518E-08 -0.16516526E-14 -0.69014900E-09  
   82 -0.38314286E-02 -0.24394549E-18 -0.57743346E-13  0.69525790E-08 -0.14502078E-13 -0.68244250E-09  
   83 -0.38804762E-02 -0.24394549E-18 -0.57921883E-13  0.69525328E-08 -0.13170741E-13 -0.67495813E-09  
   84 -0.39295238E-02 -0.21514637E-18 -0.58095481E-13  0.69523338E-08 -0.79825125E-14 -0.66767587E-09  
   85 -0.39785714E-02 -0.24055736E-18 -0.58264484E-13  0.69522681E-08 -0.10826812E-13 -0.66061963E-09  
   86 -0.40276190E-02 -0.31001406E-18 -0.58428731E-13  0.69521597E-08 -0.19503464E-13 -0.65374057E-09  
   87 -0.40766667E-02 -0.43706900E-18 -0.58588200E-13  0.69520834E-08 -0.35320956E-13 -0.64701453E-09  
   88 -0.41257143E-02 -0.41843428E-18 -0.58743339E-13  0.69519572E-08 -0.29390895E-13 -0.64048466E-09  
   89 -0.41747619E-02 -0.58784087E-18 -0.58894416E-13  0.69519412E-08 -0.50135916E-13 -0.63416503E-09  
   90 -0.42238095E-02 -0.60647559E-18 -0.59041593E-13  0.69520780E-08 -0.47949585E-13 -0.62805392E-09  
   91 -0.42728571E-02 -0.60986372E-18 -0.59184416E-13  0.69516677E-08 -0.43886004E-13 -0.62206436E-09  
   92 -0.43219048E-02 -0.74708306E-18 -0.59323204E-13  0.69515362E-08 -0.58802195E-13 -0.61622513E-09  
   93 -0.43709524E-02 -0.74877713E-18 -0.59458211E-13  0.69515860E-08 -0.53479807E-13 -0.61055338E-09  
   94 -0.44200000E-02 -0.67593229E-18 -0.59589545E-13  0.69512911E-08 -0.38369014E-13 -0.60504442E-09  
   95 -0.44690476E-02 -0.76741185E-18 -0.59717522E-13  0.69511508E-08 -0.47552956E-13 -0.59972278E-09  
   96 -0.45180952E-02 -0.79790504E-18 -0.59841514E-13  0.69510921E-08 -0.47394847E-13 -0.59448009E-09  
   97 -0.45671429E-02 -0.71489581E-18 -0.59962250E-13  0.69509909E-08 -0.31532648E-13 -0.58940660E-09  
   98 -0.46161905E-02 -0.83009229E-18 -0.60079669E-13  0.69509003E-08 -0.44734418E-13 -0.58447433E-09  
   99 -0.46652381E-02 -0.78604658E-18 -0.60193632E-13  0.69507298E-08 -0.34570442E-13 -0.57964730E-09  
  100 -0.47142857E-02 -0.10350743E-17 -0.60304766E-13  0.69505681E-08 -0.66066081E-13 -0.57499934E-09  
