% for 3D Problem... 1: xx, 2: yy, 3: zz 4: yz, 5: zx, 6: xy
%Step       1-1(strn)       1-2(strn)       1-3(strn)       1-1(strs)       1-2(strs)       1-3(strs)  
    1 -0.72782600E-04  0.98268192E-06  0.65078808E-05  0.45032075E+01  0.15118183E+00  0.10012124E+01  
    2 -0.14556520E-03  0.19653638E-05  0.13015762E-04  0.90064151E+01  0.30236367E+00  0.20024249E+01  
    3 -0.21834780E-03  0.29480458E-05  0.19523642E-04  0.13509623E+02  0.45354550E+00  0.30036373E+01  
    4 -0.31677022E-03  0.54419484E-05  0.32392810E-04  0.23257440E+02  0.72684934E+00  0.43500949E+01  
    5 -0.47289853E-03  0.90083695E-05  0.60718174E-04  0.42403518E+02  0.87764510E+00  0.60245193E+01  
    6 -0.63379391E-03  0.14040477E-04  0.84892298E-04  0.55931680E+02  0.11481945E+01  0.68245621E+01  
    7 -0.79497644E-03  0.19014235E-04  0.10533837E-03  0.65257195E+02  0.13497081E+01  0.70823684E+01  
    8 -0.95468221E-03  0.23695998E-04  0.12476191E-03  0.72044615E+02  0.14784050E+01  0.72332759E+01  
    9 -0.11144901E-02  0.28002301E-04  0.14449293E-03  0.77963004E+02  0.15353475E+01  0.74001384E+01  
   10 -0.12749948E-02  0.32206057E-04  0.16385608E-03  0.83412081E+02  0.15680813E+01  0.74910317E+01  
