%Step  
    1  0.00000000E+00  
    2  0.00000000E+00  
    3  0.00000000E+00  
    4  0.00000000E+00  
    5  0.00000000E+00  
    6  0.00000000E+00  
    7  0.00000000E+00  
    8  0.00000000E+00  
    9  0.00000000E+00  
   10  0.13086905E-13  
   11  0.53304346E+01  
   12  0.10686132E+02  
   13  0.16067092E+02  
   14  0.21473315E+02  
   15  0.26904800E+02  
   16  0.32361548E+02  
   17  0.37843559E+02  
   18  0.43350833E+02  
   19  0.48883369E+02  
   20  0.54441168E+02  
   21  0.60024230E+02  
   22  0.65632555E+02  
   23  0.71266142E+02  
   24  0.76924992E+02  
   25  0.82609105E+02  
   26  0.88318480E+02  
   27  0.94053118E+02  
   28  0.99813019E+02  
   29  0.10559818E+03  
   30  0.11140861E+03  
   31  0.11724430E+03  
   32  0.12310525E+03  
   33  0.12899146E+03  
   34  0.13490294E+03  
   35  0.14083968E+03  
   36  0.14680168E+03  
   37  0.15278895E+03  
   38  0.15880148E+03  
   39  0.16483927E+03  
   40  0.17090232E+03  
   41  0.17699064E+03  
   42  0.18310422E+03  
   43  0.18924306E+03  
   44  0.19540716E+03  
   45  0.20159653E+03  
   46  0.20781116E+03  
   47  0.21405105E+03  
   48  0.22031621E+03  
   49  0.22660663E+03  
   50  0.23292231E+03  
   51  0.23926325E+03  
   52  0.24562946E+03  
   53  0.25202093E+03  
   54  0.25843766E+03  
   55  0.26487965E+03  
   56  0.27134691E+03  
   57  0.27783943E+03  
   58  0.28435721E+03  
   59  0.29090026E+03  
   60  0.29746857E+03  
   61  0.30406214E+03  
   62  0.31068097E+03  
   63  0.31732507E+03  
   64  0.32399442E+03  
   65  0.33068905E+03  
   66  0.33740893E+03  
   67  0.34415408E+03  
   68  0.35092449E+03  
   69  0.35772016E+03  
   70  0.36454110E+03  
   71  0.37138729E+03  
   72  0.37825875E+03  
   73  0.38515548E+03  
   74  0.39207746E+03  
   75  0.39902471E+03  
   76  0.40599722E+03  
   77  0.41299500E+03  
   78  0.42001804E+03  
   79  0.42706634E+03  
   80  0.43413990E+03  
   81  0.44123872E+03  
   82  0.44836281E+03  
   83  0.45551216E+03  
   84  0.46268678E+03  
   85  0.46988665E+03  
   86  0.47711179E+03  
   87  0.48436219E+03  
   88  0.49163786E+03  
   89  0.49893878E+03  
   90  0.50626497E+03  
   91  0.51361643E+03  
   92  0.52099314E+03  
   93  0.52839512E+03  
   94  0.53582236E+03  
   95  0.54327486E+03  
   96  0.55075263E+03  
   97  0.55825566E+03  
   98  0.56578395E+03  
   99  0.57333750E+03  
  100  0.58091632E+03  
