%Step  
    1  0.00000000E+00  
    2  0.00000000E+00  
    3  0.00000000E+00  
    4  0.00000000E+00  
    5  0.00000000E+00  
    6  0.00000000E+00  
    7  0.00000000E+00  
    8  0.00000000E+00  
    9  0.00000000E+00  
   10  0.00000000E+00  
   11  0.00000000E+00  
   12  0.00000000E+00  
   13  0.00000000E+00  
   14  0.10038502E+00  
   15  0.14876440E+03  
   16  0.30733935E+03  
   17  0.47582524E+03  
   18  0.65422206E+03  
   19  0.84252982E+03  
   20  0.10407485E+04  
   21  0.12488781E+04  
   22  0.14669187E+04  
   23  0.16948702E+04  
   24  0.19327326E+04  
   25  0.21805060E+04  
   26  0.24381903E+04  
   27  0.27057855E+04  
   28  0.29832917E+04  
   29  0.32707088E+04  
   30  0.35680368E+04  
   31  0.38752758E+04  
   32  0.41924257E+04  
   33  0.45194865E+04  
   34  0.48564583E+04  
   35  0.52033410E+04  
   36  0.55601346E+04  
   37  0.59268392E+04  
   38  0.63034547E+04  
   39  0.66899812E+04  
   40  0.70864186E+04  
   41  0.74927669E+04  
   42  0.79090261E+04  
   43  0.83351963E+04  
   44  0.87712774E+04  
   45  0.92172695E+04  
   46  0.96731725E+04  
   47  0.10138986E+05  
   48  0.10614711E+05  
   49  0.11100347E+05  
   50  0.11595894E+05  
   51  0.12101351E+05  
   52  0.12616720E+05  
   53  0.13142000E+05  
   54  0.13677190E+05  
   55  0.14222291E+05  
   56  0.14777304E+05  
   57  0.15342227E+05  
   58  0.15917061E+05  
   59  0.16501806E+05  
   60  0.17096462E+05  
   61  0.17701029E+05  
   62  0.18315507E+05  
   63  0.18939896E+05  
   64  0.19574196E+05  
   65  0.20218407E+05  
   66  0.20872528E+05  
   67  0.21536561E+05  
   68  0.22210505E+05  
   69  0.22894359E+05  
   70  0.23588125E+05  
   71  0.24291801E+05  
   72  0.25005388E+05  
   73  0.25728886E+05  
   74  0.26462296E+05  
   75  0.27205616E+05  
   76  0.27958847E+05  
   77  0.28721989E+05  
   78  0.29495041E+05  
   79  0.30278005E+05  
   80  0.31070880E+05  
   81  0.31873666E+05  
   82  0.32686362E+05  
   83  0.33508970E+05  
   84  0.34341488E+05  
   85  0.35183918E+05  
   86  0.36036258E+05  
   87  0.36898510E+05  
   88  0.37770672E+05  
   89  0.38652745E+05  
   90  0.39544729E+05  
   91  0.40446624E+05  
   92  0.41358430E+05  
   93  0.42280147E+05  
   94  0.43211775E+05  
   95  0.44153314E+05  
   96  0.45104763E+05  
   97  0.46066124E+05  
   98  0.47037396E+05  
   99  0.48018578E+05  
  100  0.49009672E+05  
