%Step  
    1  0.00000000E+00  
    2  0.00000000E+00  
    3  0.00000000E+00  
    4  0.00000000E+00  
    5  0.00000000E+00  
    6  0.00000000E+00  
    7  0.00000000E+00  
    8  0.00000000E+00  
    9  0.00000000E+00  
   10  0.13085818E-13  
   11  0.53299751E+01  
   12  0.10685259E+02  
   13  0.16065851E+02  
   14  0.21471751E+02  
   15  0.26902960E+02  
   16  0.32359477E+02  
   17  0.37841303E+02  
   18  0.43348437E+02  
   19  0.48880879E+02  
   20  0.54438630E+02  
   21  0.60021690E+02  
   22  0.65630058E+02  
   23  0.71263734E+02  
   24  0.76922718E+02  
   25  0.82607012E+02  
   26  0.88316613E+02  
   27  0.94051523E+02  
   28  0.99811741E+02  
   29  0.10559727E+03  
   30  0.11140810E+03  
   31  0.11724425E+03  
   32  0.12310570E+03  
   33  0.12899246E+03  
   34  0.13490453E+03  
   35  0.14084191E+03  
   36  0.14680459E+03  
   37  0.15279259E+03  
   38  0.15880589E+03  
   39  0.16484450E+03  
   40  0.17090842E+03  
   41  0.17699765E+03  
   42  0.18311218E+03  
   43  0.18925203E+03  
   44  0.19541718E+03  
   45  0.20160764E+03  
   46  0.20782341E+03  
   47  0.21406449E+03  
   48  0.22033088E+03  
   49  0.22662257E+03  
   50  0.23293958E+03  
   51  0.23928189E+03  
   52  0.24564951E+03  
   53  0.25204244E+03  
   54  0.25846068E+03  
   55  0.26490422E+03  
   56  0.27137308E+03  
   57  0.27786724E+03  
   58  0.28438671E+03  
   59  0.29093149E+03  
   60  0.29750158E+03  
   61  0.30409697E+03  
   62  0.31071768E+03  
   63  0.31736369E+03  
   64  0.32403501E+03  
   65  0.33073164E+03  
   66  0.33745358E+03  
   67  0.34420083E+03  
   68  0.35097338E+03  
   69  0.35777124E+03  
   70  0.36459442E+03  
   71  0.37144290E+03  
   72  0.37831668E+03  
   73  0.38521578E+03  
   74  0.39214019E+03  
   75  0.39908990E+03  
   76  0.40606492E+03  
   77  0.41306525E+03  
   78  0.42009089E+03  
   79  0.42714184E+03  
   80  0.43421810E+03  
   81  0.44131966E+03  
   82  0.44844653E+03  
   83  0.45559872E+03  
   84  0.46277620E+03  
   85  0.46997900E+03  
   86  0.47720711E+03  
   87  0.48446052E+03  
   88  0.49173925E+03  
   89  0.49904328E+03  
   90  0.50637262E+03  
   91  0.51372727E+03  
   92  0.52110722E+03  
   93  0.52851249E+03  
   94  0.53594306E+03  
   95  0.54339894E+03  
   96  0.55088013E+03  
   97  0.55838663E+03  
   98  0.56591844E+03  
   99  0.57347556E+03  
  100  0.58105798E+03  
