%Step  
    1  0.00000000E+00  
    2  0.00000000E+00  
    3  0.00000000E+00  
    4  0.00000000E+00  
    5  0.00000000E+00  
    6  0.00000000E+00  
    7  0.00000000E+00  
    8  0.00000000E+00  
    9  0.00000000E+00  
   10  0.00000000E+00  
   11  0.00000000E+00  
   12  0.00000000E+00  
   13  0.00000000E+00  
   14  0.00000000E+00  
   15  0.00000000E+00  
   16  0.95017069E+02  
   17  0.24826038E+03  
   18  0.41051800E+03  
   19  0.58178993E+03  
   20  0.76207618E+03  
   21  0.95137674E+03  
   22  0.11496916E+04  
   23  0.13570208E+04  
   24  0.15733643E+04  
   25  0.17987221E+04  
   26  0.20330942E+04  
   27  0.22764806E+04  
   28  0.25288814E+04  
   29  0.27902964E+04  
   30  0.30607258E+04  
   31  0.33401695E+04  
   32  0.36286275E+04  
   33  0.39260998E+04  
   34  0.42325864E+04  
   35  0.45480873E+04  
   36  0.48726026E+04  
   37  0.52061321E+04  
   38  0.55486760E+04  
   39  0.59002342E+04  
   40  0.62608067E+04  
   41  0.66303935E+04  
   42  0.70089946E+04  
   43  0.73966100E+04  
   44  0.77932398E+04  
   45  0.81988838E+04  
   46  0.86135422E+04  
   47  0.90372148E+04  
   48  0.94699018E+04  
   49  0.99116031E+04  
   50  0.10362319E+05  
   51  0.10822049E+05  
   52  0.11290793E+05  
   53  0.11768551E+05  
   54  0.12255324E+05  
   55  0.12751112E+05  
   56  0.13255913E+05  
   57  0.13769729E+05  
   58  0.14292559E+05  
   59  0.14824403E+05  
   60  0.15365262E+05  
   61  0.15915135E+05  
   62  0.16474022E+05  
   63  0.17041924E+05  
   64  0.17618840E+05  
   65  0.18204770E+05  
   66  0.18799715E+05  
   67  0.19403674E+05  
   68  0.20016647E+05  
   69  0.20638635E+05  
   70  0.21269637E+05  
   71  0.21909653E+05  
   72  0.22558683E+05  
   73  0.23216728E+05  
   74  0.23883787E+05  
   75  0.24559861E+05  
   76  0.25244948E+05  
   77  0.25939050E+05  
   78  0.26642167E+05  
   79  0.27354297E+05  
   80  0.28075442E+05  
   81  0.28805602E+05  
   82  0.29544775E+05  
   83  0.30292963E+05  
   84  0.31050165E+05  
   85  0.31816382E+05  
   86  0.32591613E+05  
   87  0.33375858E+05  
   88  0.34169117E+05  
   89  0.34971391E+05  
   90  0.35782679E+05  
   91  0.36602982E+05  
   92  0.37432299E+05  
   93  0.38270630E+05  
   94  0.39117975E+05  
   95  0.39974335E+05  
   96  0.40839709E+05  
   97  0.41714097E+05  
   98  0.42597499E+05  
   99  0.43489916E+05  
  100  0.44391348E+05  
