%Step  
    1  0.00000000E+00  
    2  0.00000000E+00  
    3  0.00000000E+00  
    4  0.00000000E+00  
    5  0.00000000E+00  
    6  0.00000000E+00  
    7  0.00000000E+00  
    8  0.00000000E+00  
    9  0.00000000E+00  
   10  0.00000000E+00  
   11  0.00000000E+00  
   12  0.00000000E+00  
   13  0.28235415E+02  
   14  0.18168186E+03  
   15  0.34608876E+03  
   16  0.52145612E+03  
   17  0.70778394E+03  
   18  0.90507223E+03  
   19  0.11133210E+04  
   20  0.13325302E+04  
   21  0.15626998E+04  
   22  0.18038300E+04  
   23  0.20559205E+04  
   24  0.23189716E+04  
   25  0.25929831E+04  
   26  0.28779550E+04  
   27  0.31738875E+04  
   28  0.34807804E+04  
   29  0.37986337E+04  
   30  0.41274475E+04  
   31  0.44672218E+04  
   32  0.48179565E+04  
   33  0.51796517E+04  
   34  0.55523073E+04  
   35  0.59359234E+04  
   36  0.63305000E+04  
   37  0.67360370E+04  
   38  0.71525345E+04  
   39  0.75799924E+04  
   40  0.80184109E+04  
   41  0.84677897E+04  
   42  0.89281290E+04  
   43  0.93994288E+04  
   44  0.98816891E+04  
   45  0.10374910E+05  
   46  0.10879091E+05  
   47  0.11394233E+05  
   48  0.11920335E+05  
   49  0.12457397E+05  
   50  0.13005420E+05  
   51  0.13564404E+05  
   52  0.14134348E+05  
   53  0.14715252E+05  
   54  0.15307117E+05  
   55  0.15909942E+05  
   56  0.16523728E+05  
   57  0.17148474E+05  
   58  0.17784181E+05  
   59  0.18430848E+05  
   60  0.19088476E+05  
   61  0.19757064E+05  
   62  0.20436612E+05  
   63  0.21127121E+05  
   64  0.21828591E+05  
   65  0.22541021E+05  
   66  0.23264411E+05  
   67  0.23998762E+05  
   68  0.24744073E+05  
   69  0.25500345E+05  
   70  0.26267577E+05  
   71  0.27045770E+05  
   72  0.27834923E+05  
   73  0.28635036E+05  
   74  0.29446110E+05  
   75  0.30268145E+05  
   76  0.31101140E+05  
   77  0.31945095E+05  
   78  0.32800011E+05  
   79  0.33665888E+05  
   80  0.34542724E+05  
   81  0.35430522E+05  
   82  0.36329279E+05  
   83  0.37238998E+05  
   84  0.38159676E+05  
   85  0.39091315E+05  
   86  0.40033915E+05  
   87  0.40987475E+05  
   88  0.41951995E+05  
   89  0.42927476E+05  
   90  0.43913918E+05  
   91  0.44911320E+05  
   92  0.45919682E+05  
   93  0.46939005E+05  
   94  0.47969288E+05  
   95  0.49010532E+05  
   96  0.50062736E+05  
   97  0.51125901E+05  
   98  0.52200026E+05  
   99  0.53285111E+05  
  100  0.54381157E+05  
