%Step Iter     dfact          unorm          tnorm
    0    0  0.0000000E+00  0.0000000E+00  0.0000000E+00
    1    1  0.1000000E-01  0.5645126E-03  0.2598380E+02
    2    1  0.2000000E-01  0.1129025E-02  0.5196760E+02
    3    1  0.3000000E-01  0.1693538E-02  0.7795140E+02
    4    1  0.4000000E-01  0.2258051E-02  0.1039352E+03
    5    1  0.5000000E-01  0.2822563E-02  0.1299190E+03
    6    1  0.6000000E-01  0.3387076E-02  0.1559028E+03
    7    1  0.7000000E-01  0.3951588E-02  0.1818866E+03
    8    1  0.8000000E-01  0.4516101E-02  0.2078704E+03
    9    1  0.9000000E-01  0.5080614E-02  0.2338542E+03
