%Step Iter     dfact          unorm          tnorm
    0    0  0.0000000E+00  0.0000000E+00  0.0000000E+00
    1    1  0.1000000E-01  0.2172556E-03  0.0000000E+00
    2    1  0.2000000E-01  0.4345112E-03  0.0000000E+00
    3    1  0.3000000E-01  0.6517668E-03  0.0000000E+00
    4    1  0.4000000E-01  0.8690224E-03  0.0000000E+00
    5    1  0.5000000E-01  0.1086278E-02  0.0000000E+00
    6    1  0.6000000E-01  0.1303534E-02  0.0000000E+00
    7    1  0.7000000E-01  0.1520789E-02  0.0000000E+00
    8    1  0.8000000E-01  0.1738045E-02  0.0000000E+00
    9    1  0.9000000E-01  0.1955300E-02  0.0000000E+00
   10    1  0.1000000E+00  0.2172556E-02  0.0000000E+00
   11    3  0.1100000E+00  0.2411363E-02  0.0000000E+00
First plastic deformation at step:  11
   12    1  0.1200000E+00  0.2651007E-02  0.0000000E+00
   13    1  0.1300000E+00  0.2891279E-02  0.0000000E+00
   14    1  0.1400000E+00  0.3132034E-02  0.0000000E+00
   15    1  0.1500000E+00  0.3373170E-02  0.0000000E+00
   16    1  0.1600000E+00  0.3614610E-02  0.0000000E+00
   17    1  0.1700000E+00  0.3856296E-02  0.0000000E+00
   18    1  0.1800000E+00  0.4098186E-02  0.0000000E+00
   19    1  0.1900000E+00  0.4340245E-02  0.0000000E+00
   20    1  0.2000000E+00  0.4582447E-02  0.0000000E+00
   21    1  0.2100000E+00  0.4824770E-02  0.0000000E+00
   22    1  0.2200000E+00  0.5067196E-02  0.0000000E+00
   23    1  0.2300000E+00  0.5309711E-02  0.0000000E+00
   24    1  0.2400000E+00  0.5552305E-02  0.0000000E+00
   25    1  0.2500000E+00  0.5794966E-02  0.0000000E+00
   26    1  0.2600000E+00  0.6037687E-02  0.0000000E+00
   27    1  0.2700000E+00  0.6280461E-02  0.0000000E+00
   28    1  0.2800000E+00  0.6523282E-02  0.0000000E+00
   29    1  0.2900000E+00  0.6766145E-02  0.0000000E+00
   30    1  0.3000000E+00  0.7009045E-02  0.0000000E+00
   31    1  0.3100000E+00  0.7251979E-02  0.0000000E+00
   32    1  0.3200000E+00  0.7494944E-02  0.0000000E+00
   33    1  0.3300000E+00  0.7737936E-02  0.0000000E+00
   34    1  0.3400000E+00  0.7980953E-02  0.0000000E+00
   35    1  0.3500000E+00  0.8223993E-02  0.0000000E+00
   36    1  0.3600000E+00  0.8467054E-02  0.0000000E+00
   37    1  0.3700000E+00  0.8710134E-02  0.0000000E+00
   38    1  0.3800000E+00  0.8953232E-02  0.0000000E+00
   39    1  0.3900000E+00  0.9196345E-02  0.0000000E+00
   40    1  0.4000000E+00  0.9439474E-02  0.0000000E+00
   41    1  0.4100000E+00  0.9682617E-02  0.0000000E+00
   42    1  0.4200000E+00  0.9925772E-02  0.0000000E+00
   43    1  0.4300000E+00  0.1016894E-01  0.0000000E+00
   44    1  0.4400000E+00  0.1041212E-01  0.0000000E+00
   45    1  0.4500000E+00  0.1065531E-01  0.0000000E+00
   46    1  0.4600000E+00  0.1089850E-01  0.0000000E+00
   47    1  0.4700000E+00  0.1114171E-01  0.0000000E+00
   48    1  0.4800000E+00  0.1138493E-01  0.0000000E+00
   49    1  0.4900000E+00  0.1162815E-01  0.0000000E+00
   50    1  0.5000000E+00  0.1187138E-01  0.0000000E+00
   51    1  0.5100000E+00  0.1211462E-01  0.0000000E+00
   52    1  0.5200000E+00  0.1235786E-01  0.0000000E+00
   53    1  0.5300000E+00  0.1260111E-01  0.0000000E+00
   54    1  0.5400000E+00  0.1284437E-01  0.0000000E+00
   55    1  0.5500000E+00  0.1308763E-01  0.0000000E+00
   56    1  0.5600000E+00  0.1333090E-01  0.0000000E+00
   57    1  0.5700000E+00  0.1357417E-01  0.0000000E+00
   58    1  0.5800000E+00  0.1381745E-01  0.0000000E+00
   59    1  0.5900000E+00  0.1406073E-01  0.0000000E+00
   60    1  0.6000000E+00  0.1430401E-01  0.0000000E+00
   61    1  0.6100000E+00  0.1454730E-01  0.0000000E+00
   62    1  0.6200000E+00  0.1479060E-01  0.0000000E+00
   63    1  0.6300000E+00  0.1503389E-01  0.0000000E+00
   64    1  0.6400000E+00  0.1527719E-01  0.0000000E+00
   65    1  0.6500000E+00  0.1552049E-01  0.0000000E+00
   66    1  0.6600000E+00  0.1576380E-01  0.0000000E+00
   67    1  0.6700000E+00  0.1600711E-01  0.0000000E+00
   68    1  0.6800000E+00  0.1625042E-01  0.0000000E+00
   69    1  0.6900000E+00  0.1649374E-01  0.0000000E+00
   70    1  0.7000000E+00  0.1673705E-01  0.0000000E+00
   71    1  0.7100000E+00  0.1698037E-01  0.0000000E+00
   72    1  0.7200000E+00  0.1722370E-01  0.0000000E+00
   73    1  0.7300000E+00  0.1746702E-01  0.0000000E+00
   74    1  0.7400000E+00  0.1771035E-01  0.0000000E+00
   75    1  0.7500000E+00  0.1795368E-01  0.0000000E+00
   76    1  0.7600000E+00  0.1819701E-01  0.0000000E+00
   77    1  0.7700000E+00  0.1844034E-01  0.0000000E+00
   78    1  0.7800000E+00  0.1868367E-01  0.0000000E+00
   79    1  0.7900000E+00  0.1892701E-01  0.0000000E+00
   80    1  0.8000000E+00  0.1917035E-01  0.0000000E+00
   81    1  0.8100000E+00  0.1941369E-01  0.0000000E+00
   82    1  0.8200000E+00  0.1965703E-01  0.0000000E+00
   83    1  0.8300000E+00  0.1990037E-01  0.0000000E+00
   84    1  0.8400000E+00  0.2014372E-01  0.0000000E+00
   85    1  0.8500000E+00  0.2038706E-01  0.0000000E+00
   86    1  0.8600000E+00  0.2063041E-01  0.0000000E+00
   87    1  0.8700000E+00  0.2087376E-01  0.0000000E+00
   88    1  0.8800000E+00  0.2111711E-01  0.0000000E+00
   89    1  0.8900000E+00  0.2136046E-01  0.0000000E+00
   90    1  0.9000000E+00  0.2160381E-01  0.0000000E+00
   91    1  0.9100000E+00  0.2184716E-01  0.0000000E+00
   92    1  0.9200000E+00  0.2209052E-01  0.0000000E+00
   93    1  0.9300000E+00  0.2233387E-01  0.0000000E+00
   94    1  0.9400000E+00  0.2257723E-01  0.0000000E+00
   95    1  0.9500000E+00  0.2282058E-01  0.0000000E+00
   96    1  0.9600000E+00  0.2306394E-01  0.0000000E+00
   97    1  0.9700000E+00  0.2330730E-01  0.0000000E+00
   98    1  0.9800000E+00  0.2355066E-01  0.0000000E+00
   99    1  0.9900000E+00  0.2379402E-01  0.0000000E+00
  100    1  0.1000000E+01  0.2403739E-01  0.0000000E+00
