%Step       1-1(disp)       1-2(disp)       1-3(disp)       1-1(foce)       1-2(foce)       1-3(foce)  
    1  0.00000000E+00  0.00000000E+00  0.10000000E-02 -0.39627700E+01 -0.39627700E+01  0.11788288E+02  
    2  0.00000000E+00  0.00000000E+00  0.20000000E-02 -0.70617293E+01 -0.70617293E+01  0.21756641E+02  
    3  0.00000000E+00  0.00000000E+00  0.30000000E-02 -0.58272706E+01 -0.58272706E+01  0.22181709E+02  
    4  0.00000000E+00  0.00000000E+00  0.40000000E-02 -0.67196668E+01 -0.67196668E+01  0.22450419E+02  
    5  0.00000000E+00  0.00000000E+00  0.50000000E-02 -0.91238195E+01 -0.91238195E+01  0.22688260E+02  
    6  0.00000000E+00  0.00000000E+00  0.60000000E-02 -0.11617414E+02 -0.11617414E+02  0.23031311E+02  
    7  0.00000000E+00  0.00000000E+00  0.70000000E-02 -0.14146093E+02 -0.14146093E+02  0.23449883E+02  
    8  0.00000000E+00  0.00000000E+00  0.80000000E-02 -0.16696551E+02 -0.16696551E+02  0.23923330E+02  
    9  0.00000000E+00  0.00000000E+00  0.90000000E-02 -0.19260718E+02 -0.19260718E+02  0.24436725E+02  
   10  0.00000000E+00  0.00000000E+00  0.10000000E-01 -0.21833400E+02 -0.21833400E+02  0.24979275E+02  
