% for 3D Problem... 1: xx, 2: yy, 3: zz 4: yz, 5: zx, 6: xy
%Step       1-1(strn)       1-2(strn)       1-3(strn)       1-1(strs)       1-2(strs)       1-3(strs)  
    1 -0.29113040E-03  0.39307277E-05  0.26031523E-04  0.18012830E+02  0.60472734E+00  0.40048497E+01  
    2 -0.63277687E-03  0.10832147E-04  0.64597165E-04  0.46358151E+02  0.14499213E+01  0.86928624E+01  
    3 -0.12659998E-02  0.28546289E-04  0.17053744E-03  0.11025489E+03  0.22229858E+01  0.13453910E+02  
    4 -0.19132314E-02  0.47918354E-04  0.25121680E-03  0.14325020E+03  0.28462573E+01  0.14283674E+02  
    5 -0.25587168E-02  0.64825097E-04  0.32983661E-03  0.16629851E+03  0.30273714E+01  0.14762405E+02  
    6 -0.32082663E-02  0.80696300E-04  0.40550835E-03  0.18604626E+03  0.30517904E+01  0.14814535E+02  
    7 -0.38607788E-02  0.95450351E-04  0.47826058E-03  0.20353156E+03  0.29788765E+01  0.14617974E+02  
    8 -0.45152567E-02  0.10903210E-03  0.54822979E-03  0.21936105E+03  0.28453742E+01  0.14289558E+02  
    9 -0.51710048E-02  0.12144764E-03  0.61562469E-03  0.23396562E+03  0.26770357E+01  0.13901732E+02  
   10 -0.58275460E-02  0.13274291E-03  0.68068687E-03  0.24765649E+03  0.24917465E+01  0.13498501E+02  
